month	4.000000	0.066667	0.024540	0.035874
go	14.000000	0.079096	0.085890	0.082353
charge	4.000000	0.181818	0.024540	0.043243
program	6.000000	0.193548	0.036810	0.061856
far	2.000000	0.068966	0.012270	0.020833
every	9.000000	0.126761	0.055215	0.076923
expectations	2.000000	0.333333	0.012270	0.023669
school	5.000000	0.312500	0.030675	0.055866
try	3.000000	0.150000	0.018405	0.032787
portable	2.000000	0.200000	0.012270	0.023121
zero	2.000000	0.500000	0.012270	0.023952
video	11.000000	0.423077	0.067485	0.116402
even	6.000000	0.127660	0.036810	0.057143
power	2.000000	0.060606	0.012270	0.020408
new	3.000000	0.073171	0.018405	0.029412
ever	14.000000	0.086420	0.085890	0.086154
hours	2.000000	0.095238	0.012270	0.021739
met	4.000000	0.111111	0.024540	0.040201
slow	2.000000	0.052632	0.012270	0.019900
strong	2.000000	0.500000	0.012270	0.023952
box	2.000000	0.153846	0.012270	0.022727
great	21.000000	0.147887	0.128834	0.137705
kids	2.000000	0.500000	0.012270	0.023952
daughter	2.000000	0.400000	0.012270	0.023810
30	3.000000	0.272727	0.018405	0.034483
surfing	3.000000	0.750000	0.018405	0.035928
trial	5.000000	1.000000	0.030675	0.059524
browsing	6.000000	0.666667	0.036810	0.069767
tasks	2.000000	1.000000	0.012270	0.024242
love	5.000000	0.061728	0.030675	0.040984
manage	2.000000	0.333333	0.012270	0.023669
highly	2.000000	0.166667	0.012270	0.022857
use	36.000000	0.138996	0.220859	0.170616
would	9.000000	0.083333	0.055215	0.066421
browse	2.000000	0.400000	0.012270	0.023810
two	5.000000	0.156250	0.030675	0.051282
live	2.000000	0.181818	0.012270	0.022989
music	4.000000	0.363636	0.024540	0.045977
recommend	10.000000	0.204082	0.061350	0.094340
type	4.000000	0.307692	0.024540	0.045455
excellent	5.000000	0.333333	0.030675	0.056180
starter	3.000000	1.000000	0.018405	0.036145
graphic	4.000000	0.166667	0.024540	0.042781
word	6.000000	0.666667	0.036810	0.069767
room	2.000000	0.500000	0.012270	0.023952
hour	2.000000	0.066667	0.012270	0.020725
work	27.000000	0.192857	0.165644	0.178218
movies	2.000000	0.400000	0.012270	0.023810
anywhere	2.000000	0.285714	0.012270	0.023529
ms	3.000000	0.037975	0.018405	0.024793
making	3.000000	0.250000	0.018405	0.034286
give	2.000000	0.086957	0.012270	0.021505
high	4.000000	0.148148	0.024540	0.042105
something	2.000000	0.100000	0.012270	0.021858
want	6.000000	0.153846	0.036810	0.059406
information	2.000000	0.666667	0.012270	0.024096
needs	6.000000	0.214286	0.036810	0.062827
watching	3.000000	0.333333	0.018405	0.034884
machine	8.000000	0.186047	0.049080	0.077670
gaming	13.000000	0.866667	0.079755	0.146067
product	2.000000	0.029851	0.012270	0.017391
watch	4.000000	0.307692	0.024540	0.045455
mac	8.000000	0.125000	0.049080	0.070485
end	17.000000	0.140496	0.104294	0.119718
short	2.000000	0.166667	0.012270	0.022857
light	7.000000	0.118644	0.042945	0.063063
lost	2.000000	0.250000	0.012270	0.023392
pay	2.000000	0.117647	0.012270	0.022222
facebook	3.000000	1.000000	0.018405	0.036145
first	3.000000	0.093750	0.018405	0.030769
playing	3.000000	0.750000	0.018405	0.035928
help	2.000000	0.086957	0.012270	0.021505
office	4.000000	0.571429	0.024540	0.047059
don't	6.000000	0.136364	0.036810	0.057971
course	2.000000	0.285714	0.012270	0.023529
including	2.000000	0.500000	0.012270	0.023952
perfect	9.000000	0.300000	0.055215	0.093264
write	3.000000	0.500000	0.018405	0.035503
fit	2.000000	0.111111	0.012270	0.022099
call	3.000000	0.083333	0.018405	0.030151
hot	7.000000	0.269231	0.042945	0.074074
better	2.000000	0.076923	0.012270	0.021164
mail	8.000000	0.666667	0.049080	0.091429
good	8.000000	0.096386	0.049080	0.065041
day	8.000000	0.148148	0.049080	0.073733
easily	2.000000	0.105263	0.012270	0.021978
settings	2.000000	0.400000	0.012270	0.023810
went	2.000000	0.105263	0.012270	0.021978
hard	2.000000	0.043478	0.012270	0.019139
idea	3.000000	0.600000	0.018405	0.035714
really	8.000000	0.153846	0.049080	0.074419
gamers	2.000000	1.000000	0.012270	0.024242
quality	2.000000	0.048780	0.012270	0.019608
looking	7.000000	0.218750	0.042945	0.071795
7	4.000000	0.086957	0.024540	0.038278
internet	3.000000	0.150000	0.018405	0.032787
doesn't	5.000000	0.238095	0.030675	0.054348
free	2.000000	0.111111	0.012270	0.022099
card	2.000000	0.142857	0.012270	0.022599
programming	3.000000	1.000000	0.018405	0.036145
keep	3.000000	0.214286	0.018405	0.033898
thing	12.000000	0.077419	0.073620	0.075472
shipped	2.000000	0.250000	0.012270	0.023392
think	2.000000	0.133333	0.012270	0.022472
user	5.000000	0.277778	0.030675	0.055249
already	2.000000	0.181818	0.012270	0.022989
number	2.000000	0.285714	0.012270	0.023529
one	13.000000	0.065000	0.079755	0.071625
fast	2.000000	0.035714	0.012270	0.018265
another	2.000000	0.068966	0.012270	0.020833
hey	8.000000	0.080000	0.049080	0.060837
you're	5.000000	0.384615	0.030675	0.056818
service	2.000000	0.117647	0.012270	0.022222
top	27.000000	0.093103	0.165644	0.119205
system	2.000000	0.086957	0.012270	0.021505
anyone	4.000000	0.181818	0.024540	0.043243
needed	2.000000	0.200000	0.012270	0.023121
wonderful	2.000000	0.153846	0.012270	0.022727
store	2.000000	0.500000	0.012270	0.023952
listen	2.000000	0.400000	0.012270	0.023810
way	2.000000	0.033898	0.012270	0.018018
tool	2.000000	0.666667	0.012270	0.024096
part	2.000000	0.083333	0.012270	0.021390
copy	2.000000	0.666667	0.012270	0.024096
10	3.000000	0.130435	0.018405	0.032258
13	2.000000	0.285714	0.012270	0.023529
require	2.000000	0.200000	0.012270	0.023121
ran	6.000000	0.109091	0.036810	0.055046
pro	20.000000	0.085837	0.122699	0.101010
modern	2.000000	1.000000	0.012270	0.024242
need	16.000000	0.210526	0.098160	0.133891
person	6.000000	0.428571	0.036810	0.067797
able	7.000000	0.090909	0.042945	0.058333
also	2.000000	0.050000	0.012270	0.019704
ideal	2.000000	0.666667	0.012270	0.024096
online	4.000000	0.400000	0.024540	0.046243
play	21.000000	0.375000	0.128834	0.191781
though	2.000000	0.052632	0.012270	0.019900
webcam	2.000000	0.285714	0.012270	0.023529
drive	2.000000	0.044444	0.012270	0.019231
definitely	4.000000	0.250000	0.024540	0.044693
tech	3.000000	0.176471	0.018405	0.033333
movie	4.000000	0.400000	0.024540	0.046243
came	2.000000	0.133333	0.012270	0.022472
cheap	3.000000	0.150000	0.018405	0.032787
fine	3.000000	0.166667	0.018405	0.033149
3	5.000000	0.090909	0.030675	0.045872
going	2.000000	0.111111	0.012270	0.022099
handle	3.000000	0.500000	0.018405	0.035503
get	6.000000	0.050000	0.036810	0.042403
bad	3.000000	0.111111	0.018405	0.031579
stuff	5.000000	0.625000	0.030675	0.058480
x	23.000000	0.107477	0.141104	0.122016
art	8.000000	0.103896	0.049080	0.066667
computer	28.000000	0.136585	0.171779	0.152174
college	7.000000	0.538462	0.042945	0.079545
said	2.000000	0.181818	0.012270	0.022989
pictures	3.000000	0.333333	0.018405	0.034884
sites	2.000000	0.500000	0.012270	0.023952
enough	2.000000	0.074074	0.012270	0.021053
email	4.000000	0.800000	0.024540	0.047619
bought	3.000000	0.066667	0.018405	0.028846
terms	2.000000	0.500000	0.012270	0.023952
screen	3.000000	0.037500	0.018405	0.024691
job	2.000000	0.500000	0.012270	0.023952
come	10.000000	0.243902	0.061350	0.098039
last	2.000000	0.064516	0.012270	0.020619
taking	2.000000	0.250000	0.012270	0.023392
etc	4.000000	0.363636	0.024540	0.045977
games	15.000000	0.789474	0.092025	0.164835
gamer	4.000000	1.000000	0.024540	0.047904
let	3.000000	0.093750	0.018405	0.030769
com	51.000000	0.144068	0.312883	0.197292
comes	2.000000	0.142857	0.012270	0.022599
battery	5.000000	0.065789	0.030675	0.041841
cd	2.000000	0.250000	0.012270	0.023392
simply	2.000000	0.285714	0.012270	0.023529
loaded	2.000000	0.181818	0.012270	0.022989
asks	3.000000	1.000000	0.018405	0.036145
decent	2.000000	0.181818	0.012270	0.022989
much	3.000000	0.073171	0.018405	0.029412
basic	9.000000	0.692308	0.055215	0.102273
life	6.000000	0.100000	0.036810	0.053812
ram	6.000000	0.181818	0.036810	0.061224
recomend	2.000000	0.500000	0.012270	0.023952
laptops	2.000000	0.142857	0.012270	0.022599
photos	2.000000	0.500000	0.012270	0.023952
graphics	3.000000	0.136364	0.018405	0.032432
bill	3.000000	1.000000	0.018405	0.036145
wouldn't	2.000000	0.400000	0.012270	0.023810
pack	3.000000	0.500000	0.018405	0.035503
player	2.000000	0.500000	0.012270	0.023952
someone	2.000000	0.250000	0.012270	0.023392
lightweight	3.000000	0.300000	0.018405	0.034682
everyday	4.000000	0.666667	0.024540	0.047337
design	4.000000	0.181818	0.024540	0.043243
media	6.000000	0.600000	0.036810	0.069364
make	5.000000	0.121951	0.030675	0.049020
gets	2.000000	0.133333	0.012270	0.022472
social	2.000000	1.000000	0.012270	0.024242
average	2.000000	0.285714	0.012270	0.023529
running	2.000000	0.285714	0.012270	0.023529
uses	3.000000	0.187500	0.018405	0.033520
purpose	3.000000	0.500000	0.018405	0.035503
student	3.000000	0.333333	0.018405	0.034884
lower	2.000000	0.500000	0.012270	0.023952
charger	2.000000	0.400000	0.012270	0.023810
well	4.000000	0.076923	0.024540	0.037209
thought	2.000000	0.142857	0.012270	0.022599
without	2.000000	0.117647	0.012270	0.022222
can't	4.000000	0.148148	0.024540	0.042105
model	2.000000	0.250000	0.012270	0.023392
less	2.000000	0.043478	0.012270	0.019139
excel	5.000000	0.312500	0.030675	0.055866
laptop	24.000000	0.098361	0.147239	0.117936
useful	2.000000	0.500000	0.012270	0.023952
web	14.000000	0.424242	0.085890	0.142857
application	2.000000	0.250000	0.012270	0.023392
desktop	2.000000	0.222222	0.012270	0.023256
simple	2.000000	0.222222	0.012270	0.023256
add	3.000000	0.176471	0.018405	0.033333
parents	2.000000	0.400000	0.012270	0.023810
easy	4.000000	0.066667	0.024540	0.035874
checking	3.000000	0.600000	0.018405	0.035714
big	2.000000	0.111111	0.012270	0.022099
game	24.000000	0.774194	0.147239	0.247423
know	2.000000	0.133333	0.012270	0.022472
desk	3.000000	0.250000	0.018405	0.034286
like	10.000000	0.116279	0.061350	0.080321
become	2.000000	0.500000	0.012270	0.023952
works	10.000000	0.285714	0.061350	0.101010
replacement	2.000000	0.250000	0.012270	0.023392
old	3.000000	0.100000	0.018405	0.031088
back	3.000000	0.068182	0.018405	0.028986
streaming	2.000000	1.000000	0.012270	0.024242
home	7.000000	0.437500	0.042945	0.078212
everything	3.000000	0.071429	0.018405	0.029268
run	6.000000	0.130435	0.036810	0.057416
business	2.000000	0.333333	0.012270	0.023669
processing	4.000000	0.444444	0.024540	0.046512
working	3.000000	0.107143	0.018405	0.031414
anything	2.000000	0.142857	0.012270	0.022599
o	157.000000	0.083957	0.963190	0.154452
netbook	5.000000	0.178571	0.030675	0.052356
it's	3.000000	0.063830	0.018405	0.028571
os	20.000000	0.108696	0.122699	0.115274
processor	3.000000	0.187500	0.018405	0.033520
software	3.000000	0.100000	0.018405	0.031088
networking	2.000000	1.000000	0.012270	0.024242
apps	3.000000	1.000000	0.018405	0.036145
class	2.000000	0.333333	0.012270	0.023669
start	4.000000	0.111111	0.024540	0.040201
low	5.000000	0.080645	0.030675	0.044444
buy	6.000000	0.093750	0.036810	0.052863
line	6.000000	0.272727	0.036810	0.064865
editing	4.000000	0.666667	0.024540	0.047337
wish	2.000000	0.125000	0.012270	0.022346
us	57.000000	0.127803	0.349693	0.187192
expect	5.000000	0.156250	0.030675	0.051282
computing	3.000000	0.428571	0.018405	0.035294
certain	4.000000	0.571429	0.024540	0.047059
general	2.000000	0.500000	0.012270	0.023952
daily	3.000000	0.750000	0.018405	0.035928
chat	3.000000	0.750000	0.018405	0.035928
check	5.000000	0.625000	0.030675	0.058480
occasional	2.000000	0.500000	0.012270	0.023952
field	2.000000	1.000000	0.012270	0.024242
book	15.000000	0.197368	0.092025	0.125523
5	3.000000	0.051724	0.018405	0.027149
papers	2.000000	1.000000	0.012270	0.024242
nice	3.000000	0.093750	0.018405	0.030769
picture	4.000000	0.266667	0.024540	0.044944
students	2.000000	0.400000	0.012270	0.023810
e	158.000000	0.080901	0.969325	0.149338
personal	2.000000	0.666667	0.012270	0.024096
time	4.000000	0.048193	0.024540	0.032520
