limited	4.000000	0.666667	0.005587	0.011080
four	2.000000	0.333333	0.002793	0.005540
martinis	2.000000	1.000000	0.002793	0.005571
worth	13.000000	0.419355	0.018156	0.034806
every	14.000000	0.358974	0.019553	0.037086
frozen	3.000000	1.000000	0.004190	0.008345
enjoy	11.000000	0.379310	0.015363	0.029530
consistent	5.000000	0.625000	0.006983	0.013812
japanese	2.000000	0.400000	0.002793	0.005548
chef	6.000000	0.857143	0.008380	0.016598
second	2.000000	1.000000	0.002793	0.005571
fabulous	3.000000	0.750000	0.004190	0.008333
even	16.000000	0.372093	0.022346	0.042161
new	5.000000	0.384615	0.006983	0.013717
ever	62.000000	0.430556	0.086592	0.144186
crunch	2.000000	1.000000	0.002793	0.005571
never	15.000000	0.348837	0.020950	0.039526
mozzarella	2.000000	0.666667	0.002793	0.005563
dry	7.000000	1.000000	0.009777	0.019364
fantastic	11.000000	0.916667	0.015363	0.030220
highly	5.000000	0.263158	0.006983	0.013605
sliced	2.000000	0.666667	0.002793	0.005563
would	16.000000	0.258065	0.022346	0.041131
music	2.000000	0.285714	0.002793	0.005533
recommend	15.000000	0.348837	0.020950	0.039526
type	2.000000	0.500000	0.002793	0.005556
tell	5.000000	0.555556	0.006983	0.013793
relax	4.000000	0.333333	0.005587	0.010989
glass	4.000000	0.307692	0.005587	0.010974
warm	6.000000	0.461538	0.008380	0.016461
excellent	27.000000	0.710526	0.037709	0.071618
must	7.000000	0.466667	0.009777	0.019152
bartender	3.000000	0.500000	0.004190	0.008310
room	11.000000	0.523810	0.015363	0.029851
work	3.000000	0.187500	0.004190	0.008197
foods	2.000000	1.000000	0.002793	0.005571
want	5.000000	0.200000	0.006983	0.013495
times	11.000000	0.323529	0.015363	0.029333
end	49.000000	0.322368	0.068436	0.112903
far	11.000000	0.687500	0.015363	0.030055
amazing	24.000000	0.857143	0.033520	0.064516
yum	7.000000	1.000000	0.009777	0.019364
ordinary	2.000000	1.000000	0.002793	0.005571
pizza	33.000000	0.916667	0.046089	0.087766
mess	2.000000	0.400000	0.002793	0.005548
green	3.000000	0.750000	0.004190	0.008333
fan	14.000000	0.823529	0.019553	0.038199
oysters	2.000000	0.666667	0.002793	0.005563
order	17.000000	0.435897	0.023743	0.045033
wine	18.000000	0.486486	0.025140	0.047809
innovative	2.000000	1.000000	0.002793	0.005571
japan	2.000000	0.400000	0.002793	0.005548
fix	4.000000	0.500000	0.005587	0.011050
better	14.000000	0.736842	0.019553	0.038095
combination	2.000000	1.000000	0.002793	0.005571
bread	5.000000	0.714286	0.006983	0.013831
meat	7.000000	1.000000	0.009777	0.019364
potatoes	3.000000	0.750000	0.004190	0.008333
reasonably	2.000000	0.666667	0.002793	0.005563
l	564.000000	0.422156	0.787709	0.549708
filling	5.000000	1.000000	0.006983	0.013870
reasonable	5.000000	0.416667	0.006983	0.013736
went	3.000000	0.272727	0.004190	0.008253
torte	2.000000	1.000000	0.002793	0.005571
meal	21.000000	0.875000	0.029330	0.056757
bone	3.000000	1.000000	0.004190	0.008345
mean	3.000000	0.428571	0.004190	0.008299
proportion	2.000000	1.000000	0.002793	0.005571
got	16.000000	0.457143	0.022346	0.042610
doesn't	3.000000	0.300000	0.004190	0.008264
free	3.000000	0.600000	0.004190	0.008322
greasy	2.000000	1.000000	0.002793	0.005571
ate	44.000000	0.338462	0.061453	0.104019
inexpensive	2.000000	0.500000	0.002793	0.005556
lousy	2.000000	0.666667	0.002793	0.005563
grade	2.000000	1.000000	0.002793	0.005571
lettuce	2.000000	1.000000	0.002793	0.005571
another	3.000000	0.300000	0.004190	0.008264
service	65.000000	0.507812	0.090782	0.154028
spinach	4.000000	0.800000	0.005587	0.011096
top	15.000000	0.454545	0.020950	0.040053
plentiful	2.000000	1.000000	0.002793	0.005571
listed	2.000000	0.400000	0.002793	0.005548
tom	8.000000	0.400000	0.011173	0.021739
dogs	6.000000	1.000000	0.008380	0.016620
serve	12.000000	0.428571	0.016760	0.032258
took	5.000000	0.454545	0.006983	0.013755
noodle	4.000000	0.666667	0.005587	0.011080
matter	3.000000	0.500000	0.004190	0.008310
minus	2.000000	1.000000	0.002793	0.005571
modern	2.000000	0.500000	0.002793	0.005556
mind	4.000000	0.500000	0.005587	0.011050
raw	3.000000	0.500000	0.004190	0.008310
relatively	2.000000	1.000000	0.002793	0.005571
recommended	2.000000	0.200000	0.002793	0.005510
blue	2.000000	1.000000	0.002793	0.005571
though	22.000000	0.511628	0.030726	0.057971
mashed	3.000000	0.750000	0.004190	0.008333
regular	4.000000	0.800000	0.005587	0.011096
mouth	3.000000	0.750000	0.004190	0.008333
dog	10.000000	1.000000	0.013966	0.027548
definitely	4.000000	0.307692	0.005587	0.010974
sum	4.000000	0.363636	0.005587	0.011004
came	4.000000	0.190476	0.005587	0.010855
anything	4.000000	0.444444	0.005587	0.011034
overpriced	7.000000	0.583333	0.009777	0.019231
prix	2.000000	0.666667	0.002793	0.005563
subtle	2.000000	1.000000	0.002793	0.005571
enjoyed	5.000000	1.000000	0.006983	0.013870
menu	17.000000	0.472222	0.023743	0.045213
rich	2.000000	0.666667	0.002793	0.005563
rice	58.000000	0.552381	0.081006	0.141291
plate	4.000000	0.400000	0.005587	0.011019
appetizer	15.000000	0.789474	0.020950	0.040816
bar	11.000000	0.500000	0.015363	0.029810
bad	8.000000	0.444444	0.011173	0.021798
grilled	3.000000	1.000000	0.004190	0.008345
steak	3.000000	1.000000	0.004190	0.008345
fair	6.000000	0.545455	0.008380	0.016506
reviewer	2.000000	0.500000	0.002793	0.005556
noodles	2.000000	0.500000	0.002793	0.005556
best	33.000000	0.702128	0.046089	0.086501
said	3.000000	0.230769	0.004190	0.008230
away	4.000000	0.266667	0.005587	0.010944
men	50.000000	0.390625	0.069832	0.118483
however	6.000000	0.545455	0.008380	0.016506
received	2.000000	0.285714	0.002793	0.005533
freshest	2.000000	1.000000	0.002793	0.005571
tons	2.000000	1.000000	0.002793	0.005571
refill	2.000000	1.000000	0.002793	0.005571
beef	4.000000	1.000000	0.005587	0.011111
three	2.000000	0.250000	0.002793	0.005525
tiny	2.000000	0.333333	0.002793	0.005540
quickly	2.000000	0.500000	0.002793	0.005556
beer	3.000000	0.428571	0.004190	0.008299
much	10.000000	0.370370	0.013966	0.026918
basic	2.000000	0.500000	0.002793	0.005556
expected	3.000000	0.500000	0.004190	0.008310
life	2.000000	1.000000	0.002793	0.005571
relaxing	2.000000	0.666667	0.002793	0.005563
personally	2.000000	1.000000	0.002793	0.005571
worked	2.000000	1.000000	0.002793	0.005571
exception	6.000000	1.000000	0.008380	0.016620
save	2.000000	0.500000	0.002793	0.005556
say	10.000000	0.416667	0.013966	0.027027
act	12.000000	0.324324	0.016760	0.031873
evening	2.000000	0.222222	0.002793	0.005517
melted	2.000000	1.000000	0.002793	0.005571
dumplings	7.000000	0.875000	0.009777	0.019337
broth	2.000000	1.000000	0.002793	0.005571
sushi	24.000000	0.857143	0.033520	0.064516
cant	2.000000	1.000000	0.002793	0.005571
things	2.000000	0.166667	0.002793	0.005495
make	11.000000	0.297297	0.015363	0.029216
belly	5.000000	0.714286	0.006983	0.013831
several	3.000000	0.375000	0.004190	0.008287
fairly	2.000000	0.400000	0.002793	0.005548
hand	2.000000	0.166667	0.002793	0.005495
delight	3.000000	0.375000	0.004190	0.008287
tuna	7.000000	0.777778	0.009777	0.019310
burgers	2.000000	0.500000	0.002793	0.005556
left	4.000000	0.333333	0.005587	0.010989
lassi	3.000000	1.000000	0.004190	0.008345
yes	4.000000	0.666667	0.005587	0.011080
yet	3.000000	0.500000	0.004190	0.008310
previous	2.000000	0.666667	0.002793	0.005563
east	4.000000	0.266667	0.005587	0.010944
fusion	2.000000	1.000000	0.002793	0.005571
night	5.000000	0.208333	0.006983	0.013514
right	4.000000	0.444444	0.005587	0.011034
old	10.000000	0.416667	0.013966	0.027027
deal	2.000000	0.222222	0.002793	0.005517
people	5.000000	0.227273	0.006983	0.013550
begin	2.000000	0.500000	0.002793	0.005556
phenomenal	4.000000	1.000000	0.005587	0.011111
ice	145.000000	0.446154	0.202514	0.278578
creative	3.000000	0.750000	0.004190	0.008333
everything	8.000000	0.615385	0.011173	0.021948
super	5.000000	0.555556	0.006983	0.013793
inedible	3.000000	1.000000	0.004190	0.008345
dinner	6.000000	0.193548	0.008380	0.016064
plus	2.000000	1.000000	0.002793	0.005571
soo	4.000000	0.400000	0.005587	0.011019
soy	2.000000	1.000000	0.002793	0.005571
wan	9.000000	0.310345	0.012570	0.024161
absolutely	4.000000	0.333333	0.005587	0.010989
way	35.000000	0.437500	0.048883	0.087940
call	11.000000	0.687500	0.015363	0.030055
happy	5.000000	0.625000	0.006983	0.013812
form	2.000000	0.666667	0.002793	0.005563
offer	4.000000	0.333333	0.005587	0.010989
hear	3.000000	0.333333	0.004190	0.008276
portions	5.000000	0.555556	0.006983	0.013793
inside	3.000000	0.500000	0.004190	0.008310
average	13.000000	0.764706	0.018156	0.035471
classic	2.000000	1.000000	0.002793	0.005571
kha	2.000000	0.500000	0.002793	0.005556
mediocre	4.000000	0.800000	0.005587	0.011096
trip	3.000000	0.272727	0.004190	0.008253
generally	2.000000	0.500000	0.002793	0.005556
ny	23.000000	0.323944	0.032123	0.058450
setting	2.000000	0.333333	0.002793	0.005540
roll	20.000000	0.833333	0.027933	0.054054
felt	2.000000	0.285714	0.002793	0.005533
potato	6.000000	0.857143	0.008380	0.016598
time	22.000000	0.255814	0.030726	0.054863
skip	2.000000	0.500000	0.002793	0.005556
skin	2.000000	0.333333	0.002793	0.005540
certainly	2.000000	0.400000	0.002793	0.005548
yummy	6.000000	1.000000	0.008380	0.016620
father	2.000000	1.000000	0.002793	0.005571
disgusting	4.000000	0.666667	0.005587	0.011080
veg	6.000000	0.857143	0.008380	0.016598
cook	14.000000	1.000000	0.019553	0.038356
cool	4.000000	0.500000	0.005587	0.011050
dim	3.000000	0.750000	0.004190	0.008333
impressive	2.000000	0.666667	0.002793	0.005563
presented	2.000000	1.000000	0.002793	0.005571
die	14.000000	0.875000	0.019553	0.038251
specials	5.000000	1.000000	0.006983	0.013870
settle	2.000000	1.000000	0.002793	0.005571
quick	3.000000	0.333333	0.004190	0.008276
pork	7.000000	1.000000	0.009777	0.019364
seasoning	3.000000	1.000000	0.004190	0.008345
d	636.000000	0.462545	0.888268	0.608321
rough	6.000000	0.500000	0.008380	0.016484
drinks	14.000000	0.636364	0.019553	0.037940
melt	4.000000	1.000000	0.005587	0.011111
water	3.000000	0.428571	0.004190	0.008299
wait	18.000000	0.216867	0.025140	0.045056
suggestion	2.000000	1.000000	0.002793	0.005571
usually	4.000000	0.571429	0.005587	0.011065
weird	2.000000	0.666667	0.002793	0.005563
extra	2.000000	0.500000	0.002793	0.005556
flavors	3.000000	1.000000	0.004190	0.008345
sake	4.000000	0.571429	0.005587	0.011065
visit	3.000000	0.125000	0.004190	0.008108
creamy	2.000000	1.000000	0.002793	0.005571
squid	2.000000	1.000000	0.002793	0.005571
chocolate	4.000000	1.000000	0.005587	0.011111
edible	10.000000	0.909091	0.013966	0.027510
reviews	3.000000	0.333333	0.004190	0.008276
soup	7.000000	1.000000	0.009777	0.019364
following	3.000000	1.000000	0.004190	0.008345
awesome	4.000000	0.666667	0.005587	0.011080
didn't	5.000000	0.250000	0.006983	0.013587
heard	2.000000	0.666667	0.002793	0.005563
incredible	6.000000	0.857143	0.008380	0.016598
chic	15.000000	0.789474	0.020950	0.040816
exceptional	4.000000	1.000000	0.005587	0.011111
1	12.000000	0.363636	0.016760	0.032043
till	4.000000	0.285714	0.005587	0.010959
pure	2.000000	1.000000	0.002793	0.005571
speaks	3.000000	1.000000	0.004190	0.008345
may	6.000000	0.461538	0.008380	0.016461
spot	6.000000	0.272727	0.008380	0.016260
disgusted	2.000000	1.000000	0.002793	0.005571
mad	13.000000	0.500000	0.018156	0.035040
mai	11.000000	0.611111	0.015363	0.029973
remember	4.000000	0.666667	0.005587	0.011080
octopus	2.000000	1.000000	0.002793	0.005571
st	268.000000	0.439344	0.374302	0.404223
se	222.000000	0.465409	0.310056	0.372171
serving	2.000000	0.666667	0.002793	0.005563
years	6.000000	0.428571	0.008380	0.016438
course	6.000000	0.600000	0.008380	0.016529
cold	6.000000	0.750000	0.008380	0.016575
still	3.000000	0.300000	0.004190	0.008264
bagels	7.000000	1.000000	0.009777	0.019364
appetizers	6.000000	1.000000	0.008380	0.016620
hot	12.000000	0.800000	0.016760	0.032832
main	8.000000	0.666667	0.011173	0.021978
non	3.000000	0.500000	0.004190	0.008310
views	5.000000	0.454545	0.006983	0.013755
lunch	4.000000	0.400000	0.005587	0.011019
half	4.000000	0.400000	0.005587	0.011019
name	3.000000	0.428571	0.004190	0.008299
rock	2.000000	0.666667	0.002793	0.005563
en	257.000000	0.397218	0.358939	0.377109
year	7.000000	0.388889	0.009777	0.019074
ew	28.000000	0.358974	0.039106	0.070529
salads	4.000000	1.000000	0.005587	0.011111
rude	2.000000	0.111111	0.002793	0.005450
space	2.000000	0.400000	0.002793	0.005548
looking	2.000000	0.181818	0.002793	0.005502
tempura	3.000000	0.750000	0.004190	0.008333
quite	5.000000	0.500000	0.006983	0.013774
selections	2.000000	1.000000	0.002793	0.005571
waiter	5.000000	0.185185	0.006983	0.013459
tasting	4.000000	1.000000	0.005587	0.011111
thing	40.000000	0.487805	0.055866	0.100251
place	40.000000	0.219780	0.055866	0.089087
think	5.000000	0.277778	0.006983	0.013624
waited	2.000000	0.400000	0.002793	0.005548
first	5.000000	0.357143	0.006983	0.013699
cheese	12.000000	0.705882	0.016760	0.032742
one	49.000000	0.408333	0.068436	0.117225
long	2.000000	0.222222	0.002793	0.005517
size	4.000000	0.571429	0.005587	0.011065
city	6.000000	0.375000	0.008380	0.016393
little	9.000000	0.321429	0.012570	0.024194
bite	6.000000	0.750000	0.008380	0.016575
anyone	2.000000	0.500000	0.002793	0.005556
2	10.000000	0.416667	0.013966	0.027027
friend	20.000000	0.263158	0.027933	0.050505
thai	4.000000	0.800000	0.005587	0.011096
boyfriend	3.000000	0.428571	0.004190	0.008299
10	3.000000	0.300000	0.004190	0.008264
14	2.000000	1.000000	0.002793	0.005571
pre	42.000000	0.656250	0.058659	0.107692
tasted	11.000000	1.000000	0.015363	0.030261
sat	3.000000	0.200000	0.004190	0.008208
terrific	5.000000	0.833333	0.006983	0.013850
dining	4.000000	0.333333	0.005587	0.010989
interior	2.000000	0.500000	0.002793	0.005556
topping	5.000000	0.714286	0.006983	0.013831
sure	6.000000	0.315789	0.008380	0.016327
cheesecake	2.000000	1.000000	0.002793	0.005571
price	48.000000	0.564706	0.067039	0.119850
paid	2.000000	0.250000	0.002793	0.005525
especially	7.000000	0.583333	0.009777	0.019231
surprising	3.000000	0.750000	0.004190	0.008333
gyro	3.000000	1.000000	0.004190	0.008345
seafood	6.000000	0.857143	0.008380	0.016598
professional	3.000000	0.428571	0.004190	0.008299
salt	5.000000	0.833333	0.006983	0.013850
mains	2.000000	1.000000	0.002793	0.005571
cheap	9.000000	0.818182	0.012570	0.024759
corner	2.000000	1.000000	0.002793	0.005571
aggressive	2.000000	0.666667	0.002793	0.005563
tend	7.000000	0.538462	0.009777	0.019204
calamari	3.000000	1.000000	0.004190	0.008345
favor	7.000000	0.333333	0.009777	0.018996
outside	3.000000	0.333333	0.004190	0.008276
going	7.000000	0.291667	0.009777	0.018919
black	3.000000	1.000000	0.004190	0.008345
get	27.000000	0.391304	0.037709	0.068790
cannot	2.000000	0.222222	0.002793	0.005517
gem	2.000000	0.142857	0.002793	0.005479
could've	2.000000	1.000000	0.002793	0.005571
husband	6.000000	0.600000	0.008380	0.016529
seat	2.000000	0.142857	0.002793	0.005479
review	6.000000	0.352941	0.008380	0.016371
glaze	2.000000	1.000000	0.002793	0.005571
3	5.000000	0.333333	0.006983	0.013680
ink	23.000000	0.450980	0.032123	0.059974
affordable	2.000000	0.500000	0.002793	0.005556
come	6.000000	0.250000	0.008380	0.016216
many	4.000000	0.250000	0.005587	0.010929
can't	6.000000	0.285714	0.008380	0.016282
pot	13.000000	0.433333	0.018156	0.034853
souvlaki	2.000000	1.000000	0.002793	0.005571
anti	4.000000	0.166667	0.005587	0.010811
couldn't	2.000000	0.500000	0.002793	0.005556
unusual	2.000000	1.000000	0.002793	0.005571
slightly	4.000000	0.800000	0.005587	0.011096
ravioli	2.000000	1.000000	0.002793	0.005571
tasteless	4.000000	1.000000	0.005587	0.011111
undercooked	2.000000	1.000000	0.002793	0.005571
attentive	4.000000	0.222222	0.005587	0.010899
paying	2.000000	0.666667	0.002793	0.005563
might	2.000000	0.333333	0.002793	0.005540
pastas	3.000000	1.000000	0.004190	0.008345
appetizing	2.000000	0.500000	0.002793	0.005556
different	5.000000	0.277778	0.006983	0.013624
pay	5.000000	0.416667	0.006983	0.013736
mole	4.000000	1.000000	0.005587	0.011111
pad	3.000000	1.000000	0.004190	0.008345
week	4.000000	0.363636	0.005587	0.011004
finish	3.000000	0.428571	0.004190	0.008299
theater	2.000000	0.666667	0.002793	0.005563
veal	2.000000	0.666667	0.002793	0.005563
bottle	3.000000	0.375000	0.004190	0.008287
steamed	2.000000	1.000000	0.002793	0.005571
dancers	2.000000	0.666667	0.002793	0.005563
rest	24.000000	0.208696	0.033520	0.057762
braised	2.000000	1.000000	0.002793	0.005571
touch	2.000000	0.666667	0.002793	0.005563
flavor	15.000000	1.000000	0.020950	0.041040
rose	3.000000	1.000000	0.004190	0.008345
seems	2.000000	0.333333	0.002793	0.005540
real	26.000000	0.553191	0.036313	0.068152
around	4.000000	0.266667	0.005587	0.010944
spectacular	3.000000	0.500000	0.004190	0.008310
read	8.000000	0.571429	0.011173	0.021918
world	9.000000	0.642857	0.012570	0.024658
disappointed	3.000000	0.333333	0.004190	0.008276
either	3.000000	0.428571	0.004190	0.008299
fully	4.000000	0.500000	0.005587	0.011050
served	6.000000	0.500000	0.008380	0.016484
tart	6.000000	0.500000	0.008380	0.016484
lobster	9.000000	1.000000	0.012570	0.024828
divine	2.000000	1.000000	0.002793	0.005571
gross	2.000000	1.000000	0.002793	0.005571
slice	7.000000	0.875000	0.009777	0.019337
moderate	2.000000	1.000000	0.002793	0.005571
roast	3.000000	1.000000	0.004190	0.008345
ok	47.000000	0.494737	0.065642	0.115906
favorite	5.000000	0.263158	0.006983	0.013605
side	13.000000	0.351351	0.018156	0.034529
decent	6.000000	1.000000	0.008380	0.016620
ow	50.000000	0.333333	0.069832	0.115473
gari	3.000000	1.000000	0.004190	0.008345
fill	8.000000	0.666667	0.011173	0.021978
prepare	7.000000	0.700000	0.009777	0.019284
area	4.000000	0.500000	0.005587	0.011050
lol	3.000000	0.750000	0.004190	0.008333
meals	6.000000	1.000000	0.008380	0.016620
start	4.000000	0.400000	0.005587	0.011019
low	11.000000	0.458333	0.015363	0.029730
lot	5.000000	0.277778	0.006983	0.013624
spicy	12.000000	1.000000	0.016760	0.032967
enough	4.000000	0.363636	0.005587	0.011004
trying	2.000000	0.400000	0.002793	0.005548
spice	3.000000	1.000000	0.004190	0.008345
they're	3.000000	0.500000	0.004190	0.008310
wasn't	10.000000	0.666667	0.013966	0.027360
gone	4.000000	1.000000	0.005587	0.011111
taste	24.000000	0.827586	0.033520	0.064430
tasty	22.000000	1.000000	0.030726	0.059621
girlfriend	2.000000	0.500000	0.002793	0.005556
cream	6.000000	0.857143	0.008380	0.016598
maybe	2.000000	0.500000	0.002793	0.005556
poor	3.000000	0.500000	0.004190	0.008310
pear	2.000000	0.333333	0.002793	0.005540
important	2.000000	0.666667	0.002793	0.005563
fresh	33.000000	0.942857	0.046089	0.087883
included	3.000000	1.000000	0.004190	0.008345
wife	5.000000	0.714286	0.006983	0.013831
u	493.000000	0.419574	0.688547	0.521417
original	2.000000	0.500000	0.002793	0.005556
consider	5.000000	0.833333	0.006983	0.013850
chinese	2.000000	1.000000	0.002793	0.005571
dish	32.000000	0.800000	0.044693	0.084656
porcini	2.000000	1.000000	0.002793	0.005571
dumpling	7.000000	0.875000	0.009777	0.019337
sashimi	5.000000	0.833333	0.006983	0.013850
congee	2.000000	0.666667	0.002793	0.005563
sitting	2.000000	0.285714	0.002793	0.005533
fav	9.000000	0.391304	0.012570	0.024357
fat	4.000000	1.000000	0.005587	0.011111
worst	5.000000	0.833333	0.006983	0.013850
we've	3.000000	0.750000	0.004190	0.008333
heaven	2.000000	1.000000	0.002793	0.005571
list	4.000000	0.200000	0.005587	0.010870
large	4.000000	0.363636	0.005587	0.011004
small	8.000000	0.380952	0.011173	0.021710
neighborhood	3.000000	0.333333	0.004190	0.008276
tea	11.000000	0.578947	0.015363	0.029932
past	14.000000	0.875000	0.019553	0.038251
pass	4.000000	0.666667	0.005587	0.011080
cheeses	2.000000	0.666667	0.002793	0.005563
crust	8.000000	0.888889	0.011173	0.022069
scallops	2.000000	1.000000	0.002793	0.005571
full	7.000000	0.500000	0.009777	0.019178
margherita	3.000000	1.000000	0.004190	0.008345
vegetarian	3.000000	0.750000	0.004190	0.008333
experience	9.000000	0.281250	0.012570	0.024064
lasagna	2.000000	1.000000	0.002793	0.005571
pick	2.000000	0.666667	0.002793	0.005563
family	4.000000	0.400000	0.005587	0.011019
put	2.000000	0.250000	0.002793	0.005525
two	5.000000	0.333333	0.006983	0.013680
6	2.000000	0.222222	0.002793	0.005517
stick	3.000000	0.750000	0.004190	0.008333
particular	4.000000	0.666667	0.005587	0.011080
town	4.000000	0.363636	0.005587	0.011004
grill	3.000000	1.000000	0.004190	0.008345
beautiful	4.000000	0.363636	0.005587	0.011004
share	5.000000	0.833333	0.006983	0.013850
salty	3.000000	1.000000	0.004190	0.008345
huge	6.000000	0.500000	0.008380	0.016484
rather	2.000000	0.333333	0.002793	0.005540
comfort	2.000000	0.285714	0.002793	0.005533
stir	2.000000	1.000000	0.002793	0.005571
goat	3.000000	1.000000	0.004190	0.008345
sandwich	6.000000	0.600000	0.008380	0.016529
okay	2.000000	0.500000	0.002793	0.005556
tried	7.000000	0.636364	0.009777	0.019257
waitstaff	2.000000	0.500000	0.002793	0.005556
par	25.000000	0.490196	0.034916	0.065189
fe	49.000000	0.388889	0.068436	0.116390
tacos	2.000000	1.000000	0.002793	0.005571
authentic	7.000000	1.000000	0.009777	0.019364
eats	2.000000	0.666667	0.002793	0.005563
buns	2.000000	1.000000	0.002793	0.005571
egg	6.000000	0.750000	0.008380	0.016575
that's	5.000000	0.555556	0.006983	0.013793
help	3.000000	0.300000	0.004190	0.008264
don't	11.000000	0.366667	0.015363	0.029491
dough	2.000000	1.000000	0.002793	0.005571
24	2.000000	1.000000	0.002793	0.005571
style	4.000000	0.666667	0.005587	0.011080
20	2.000000	0.400000	0.002793	0.005548
actually	4.000000	0.400000	0.005587	0.011019
late	9.000000	0.391304	0.012570	0.024357
sauce	14.000000	1.000000	0.019553	0.038356
someone	3.000000	0.375000	0.004190	0.008287
return	2.000000	0.181818	0.002793	0.005502
food	231.000000	0.888462	0.322626	0.473361
always	17.000000	0.435897	0.023743	0.045033
level	2.000000	0.500000	0.002793	0.005556
found	7.000000	0.583333	0.009777	0.019231
clams	2.000000	1.000000	0.002793	0.005571
delicious	50.000000	0.980392	0.069832	0.130378
house	5.000000	0.555556	0.006983	0.013793
fish	19.000000	0.826087	0.026536	0.051421
hard	2.000000	0.500000	0.002793	0.005556
oil	10.000000	0.833333	0.013966	0.027473
expect	7.000000	0.411765	0.009777	0.019100
really	21.000000	0.525000	0.029330	0.055556
since	3.000000	0.300000	0.004190	0.008264
tiramisu	2.000000	1.000000	0.002793	0.005571
7	5.000000	0.625000	0.006983	0.013812
ass	22.000000	0.511628	0.030726	0.057971
bass	2.000000	1.000000	0.002793	0.005571
calzone	2.000000	1.000000	0.002793	0.005571
like	33.000000	0.397590	0.046089	0.082603
pleasant	3.000000	0.166667	0.004190	0.008174
reason	9.000000	0.450000	0.012570	0.024457
ask	4.000000	0.137931	0.005587	0.010738
w	434.000000	0.430129	0.606145	0.503188
dine	3.000000	0.333333	0.004190	0.008276
feel	5.000000	0.217391	0.006983	0.013532
fancy	2.000000	0.666667	0.002793	0.005563
done	4.000000	0.444444	0.005587	0.011034
bland	12.000000	1.000000	0.016760	0.032967
guest	3.000000	0.428571	0.004190	0.008299
least	2.000000	0.200000	0.002793	0.005510
scallion	2.000000	1.000000	0.002793	0.005571
wonderful	9.000000	0.450000	0.012570	0.024457
banana	2.000000	0.666667	0.002793	0.005563
mmmm	3.000000	1.000000	0.004190	0.008345
part	9.000000	0.310345	0.012570	0.024161
kind	4.000000	0.444444	0.005587	0.011034
stale	2.000000	1.000000	0.002793	0.005571
sty	28.000000	0.875000	0.039106	0.074866
outstanding	5.000000	1.000000	0.006983	0.013870
well	20.000000	0.526316	0.027933	0.053050
ages	3.000000	0.750000	0.004190	0.008333
juice	2.000000	1.000000	0.002793	0.005571
lie	8.000000	0.380952	0.011173	0.021710
check	2.000000	0.333333	0.002793	0.005540
self	8.000000	0.533333	0.011173	0.021888
also	10.000000	0.476190	0.013966	0.027137
eggs	2.000000	0.666667	0.002793	0.005563
salmon	6.000000	1.000000	0.008380	0.016620
eaten	5.000000	0.500000	0.006983	0.013774
nothing	9.000000	0.391304	0.012570	0.024357
extremely	2.000000	0.285714	0.002793	0.005533
oyster	3.000000	0.600000	0.004190	0.008322
sometimes	3.000000	0.500000	0.004190	0.008310
clean	2.000000	0.285714	0.002793	0.005533
notch	3.000000	0.600000	0.004190	0.008322
particularly	2.000000	0.500000	0.002793	0.005556
fine	7.000000	0.777778	0.009777	0.019310
find	3.000000	0.230769	0.004190	0.008230
maggot	2.000000	0.666667	0.002793	0.005563
pretty	12.000000	0.666667	0.016760	0.032698
8	3.000000	0.375000	0.004190	0.008287
hip	3.000000	0.428571	0.004190	0.008299
hit	3.000000	0.600000	0.004190	0.008322
preparing	2.000000	1.000000	0.002793	0.005571
devoured	2.000000	1.000000	0.002793	0.005571
restaurants	4.000000	0.210526	0.005587	0.010884
cramp	2.000000	0.400000	0.002793	0.005548
art	24.000000	0.369231	0.033520	0.061460
sea	17.000000	0.515152	0.023743	0.045394
tender	5.000000	0.625000	0.006983	0.013812
close	2.000000	0.333333	0.002793	0.005540
mussels	2.000000	1.000000	0.002793	0.005571
probably	2.000000	0.333333	0.002793	0.005540
last	7.000000	0.318182	0.009777	0.018970
restaurant	21.000000	0.203883	0.029330	0.051282
fiance	2.000000	1.000000	0.002793	0.005571
barely	3.000000	0.750000	0.004190	0.008333
forgotten	2.000000	1.000000	0.002793	0.005571
simple	3.000000	0.428571	0.004190	0.008299
sweet	5.000000	0.833333	0.006983	0.013850
except	9.000000	0.818182	0.012570	0.024759
scallop	2.000000	1.000000	0.002793	0.005571
simply	3.000000	0.333333	0.004190	0.008276
crispy	2.000000	1.000000	0.002793	0.005571
expensive	7.000000	0.500000	0.009777	0.019178
empty	2.000000	0.333333	0.002793	0.005540
lived	2.000000	0.500000	0.002793	0.005556
else	5.000000	0.333333	0.006983	0.013680
pricey	6.000000	0.750000	0.008380	0.016575
lives	2.000000	1.000000	0.002793	0.005571
prices	18.000000	0.620690	0.025140	0.048322
look	8.000000	0.266667	0.011173	0.021448
match	2.000000	1.000000	0.002793	0.005571
fun	7.000000	0.368421	0.009777	0.019048
rip	6.000000	0.400000	0.008380	0.016416
disappointing	2.000000	0.400000	0.002793	0.005548
rib	8.000000	0.400000	0.011173	0.021739
cuisine	5.000000	1.000000	0.006983	0.013870
decor	13.000000	0.565217	0.018156	0.035183
used	2.000000	0.250000	0.002793	0.005525
spend	2.000000	0.500000	0.002793	0.005556
love	11.000000	0.392857	0.015363	0.029570
tables	5.000000	0.454545	0.006983	0.013755
big	3.000000	0.214286	0.004190	0.008219
couple	3.000000	0.500000	0.004190	0.008310
bit	18.000000	0.620690	0.025140	0.048322
back	8.000000	0.117647	0.011173	0.020408
mmmmm	2.000000	1.000000	0.002793	0.005571
sauces	2.000000	1.000000	0.002793	0.005571
eater	4.000000	0.666667	0.005587	0.011080
amazin	25.000000	0.862069	0.034916	0.067114
eating	4.000000	0.285714	0.005587	0.010959
range	2.000000	0.500000	0.002793	0.005556
complimentary	2.000000	0.400000	0.002793	0.005548
good	108.000000	0.710526	0.150838	0.248848
appropriate	2.000000	1.000000	0.002793	0.005571
rolls	10.000000	0.833333	0.013966	0.027473
impressed	6.000000	0.857143	0.008380	0.016598
fast	4.000000	0.307692	0.005587	0.010974
homemade	2.000000	1.000000	0.002793	0.005571
filet	3.000000	1.000000	0.004190	0.008345
buttery	3.000000	1.000000	0.004190	0.008345
fishy	2.000000	1.000000	0.002793	0.005571
fries	2.000000	1.000000	0.002793	0.005571
us	192.000000	0.536313	0.268156	0.357542
planet	2.000000	1.000000	0.002793	0.005571
fried	7.000000	1.000000	0.009777	0.019364
called	3.000000	0.600000	0.004190	0.008322
ordered	11.000000	0.785714	0.015363	0.030137
lemon	3.000000	1.000000	0.004190	0.008345
nice	11.000000	0.244444	0.015363	0.028909
prepared	6.000000	0.666667	0.008380	0.016552
ago	4.000000	1.000000	0.005587	0.011111
age	35.000000	0.492958	0.048883	0.088945
cooked	12.000000	1.000000	0.016760	0.032967
desserts	2.000000	0.666667	0.002793	0.005563
go	152.000000	0.522337	0.212291	0.301887
seemed	3.000000	0.500000	0.004190	0.008310
ambience	5.000000	0.454545	0.006983	0.013755
friendly	10.000000	0.322581	0.013966	0.026774
sent	4.000000	0.571429	0.005587	0.011065
dessert	15.000000	0.750000	0.020950	0.040761
entire	2.000000	0.666667	0.002793	0.005563
asparagus	2.000000	1.000000	0.002793	0.005571
try	11.000000	0.305556	0.015363	0.029255
pepper	2.000000	0.666667	0.002793	0.005563
spaghetti	2.000000	1.000000	0.002793	0.005571
consistently	3.000000	1.000000	0.004190	0.008345
indian	3.000000	0.750000	0.004190	0.008333
cozy	2.000000	0.250000	0.002793	0.005525
let	14.000000	0.538462	0.019553	0.037736
vinegar	3.000000	1.000000	0.004190	0.008345
great	77.000000	0.566176	0.107542	0.180751
30	2.000000	0.666667	0.002793	0.005563
spices	2.000000	1.000000	0.002793	0.005571
makes	6.000000	0.666667	0.008380	0.016552
duck	2.000000	1.000000	0.002793	0.005571
lime	4.000000	0.444444	0.005587	0.011034
use	19.000000	0.365385	0.026536	0.049479
iced	16.000000	0.516129	0.022346	0.042838
crab	5.000000	1.000000	0.006983	0.013870
oily	8.000000	1.000000	0.011173	0.022099
started	3.000000	0.750000	0.004190	0.008333
actual	5.000000	0.454545	0.006983	0.013755
salad	13.000000	1.000000	0.018156	0.035665
thin	50.000000	0.480769	0.069832	0.121951
pieces	2.000000	1.000000	0.002793	0.005571
high	10.000000	0.344828	0.013966	0.026846
something	2.000000	0.400000	0.002793	0.005548
shrimp	8.000000	0.888889	0.011173	0.022069
lamb	5.000000	1.000000	0.006983	0.013870
daring	2.000000	1.000000	0.002793	0.005571
sit	10.000000	0.222222	0.013966	0.026281
vibe	2.000000	0.500000	0.002793	0.005556
entree	8.000000	0.800000	0.011173	0.022039
tomato	2.000000	0.666667	0.002793	0.005563
light	10.000000	0.500000	0.013966	0.027174
martini	3.000000	1.000000	0.004190	0.008345
soggy	5.000000	1.000000	0.006983	0.013870
won't	3.000000	0.500000	0.004190	0.008310
looks	2.000000	0.666667	0.002793	0.005563
perfect	11.000000	0.478261	0.015363	0.029770
la	159.000000	0.405612	0.222067	0.287004
covered	2.000000	0.666667	0.002793	0.005563
dam	3.000000	1.000000	0.004190	0.008345
mention	2.000000	1.000000	0.002793	0.005571
hands	2.000000	0.666667	0.002793	0.005563
front	4.000000	0.571429	0.005587	0.011065
day	9.000000	0.281250	0.012570	0.024064
risotto	3.000000	1.000000	0.004190	0.008345
fare	2.000000	0.666667	0.002793	0.005563
special	26.000000	0.590909	0.036313	0.068421
cause	6.000000	0.230769	0.008380	0.016173
red	51.000000	0.586207	0.071229	0.127024
wines	4.000000	0.666667	0.005587	0.011080
eco	32.000000	0.400000	0.044693	0.080402
completely	4.000000	0.571429	0.005587	0.011065
york	2.000000	0.500000	0.002793	0.005556
organic	2.000000	1.000000	0.002793	0.005571
could	11.000000	0.523810	0.015363	0.029851
keep	2.000000	0.200000	0.002793	0.005510
pudding	2.000000	1.000000	0.002793	0.005571
margaritas	2.000000	1.000000	0.002793	0.005571
vegetables	3.000000	1.000000	0.004190	0.008345
waitress	3.000000	0.187500	0.004190	0.008197
quality	13.000000	0.928571	0.018156	0.035616
you're	4.000000	0.285714	0.005587	0.010959
stomach	4.000000	0.800000	0.005587	0.011096
bother	2.000000	1.000000	0.002793	0.005571
see	10.000000	0.285714	0.013966	0.026631
need	4.000000	0.363636	0.005587	0.011004
dishes	23.000000	0.821429	0.032123	0.061828
able	31.000000	0.344444	0.043296	0.076923
mid	3.000000	0.428571	0.004190	0.008299
bagel	8.000000	0.727273	0.011173	0.022008
class	4.000000	0.666667	0.005587	0.011080
request	2.000000	0.285714	0.002793	0.005533
looked	2.000000	0.222222	0.002793	0.005517
fact	3.000000	0.375000	0.004190	0.008287
atmosphere	9.000000	0.290323	0.012570	0.024096
selection	10.000000	0.666667	0.013966	0.027360
chicken	14.000000	0.777778	0.019553	0.038147
staff	14.000000	0.269231	0.019553	0.036458
means	2.000000	0.666667	0.002793	0.005563
beat	2.000000	0.333333	0.002793	0.005540
overall	2.000000	0.400000	0.002793	0.005548
likely	2.000000	0.666667	0.002793	0.005563
perfection	3.000000	1.000000	0.004190	0.008345
chips	2.000000	0.500000	0.002793	0.005556
ended	3.000000	0.200000	0.004190	0.008208
stuff	6.000000	1.000000	0.008380	0.016620
including	2.000000	0.666667	0.002793	0.005563
view	11.000000	0.423077	0.015363	0.029650
superb	3.000000	1.000000	0.004190	0.008345
horrible	5.000000	0.500000	0.006983	0.013774
tent	13.000000	0.371429	0.018156	0.034621
comment	2.000000	0.666667	0.002793	0.005563
table	12.000000	0.250000	0.016760	0.031414
it's	12.000000	0.342857	0.016760	0.031957
balsamic	2.000000	1.000000	0.002793	0.005571
sausages	2.000000	1.000000	0.002793	0.005571
brunch	2.000000	0.666667	0.002793	0.005563
homey	2.000000	1.000000	0.002793	0.005571
value	4.000000	0.400000	0.005587	0.011019
pretentious	2.000000	1.000000	0.002793	0.005571
almost	3.000000	0.333333	0.004190	0.008276
surprisingly	2.000000	1.000000	0.002793	0.005571
eggplant	2.000000	0.666667	0.002793	0.005563
drink	17.000000	0.566667	0.023743	0.045576
upon	2.000000	0.400000	0.002793	0.005548
pita	3.000000	0.600000	0.004190	0.008322
ingredients	6.000000	1.000000	0.008380	0.016620
thought	6.000000	0.545455	0.008380	0.016506
less	11.000000	0.523810	0.015363	0.029851
cakes	2.000000	1.000000	0.002793	0.005571
rooms	2.000000	0.666667	0.002793	0.005563
add	5.000000	0.714286	0.006983	0.013831
know	4.000000	0.222222	0.005587	0.010899
helpful	2.000000	0.285714	0.002793	0.005533
sizes	2.000000	1.000000	0.002793	0.005571
roti	2.000000	1.000000	0.002793	0.005571
soft	2.000000	1.000000	0.002793	0.005571
home	6.000000	0.545455	0.008380	0.016506
ess	54.000000	0.486486	0.075419	0.130593
although	3.000000	0.375000	0.004190	0.008287
pasta	10.000000	1.000000	0.013966	0.027548
toppings	4.000000	0.800000	0.005587	0.011096
caviar	3.000000	1.000000	0.004190	0.008345
i've	2.000000	0.666667	0.002793	0.005563
delivery	3.000000	0.600000	0.004190	0.008322
bun	3.000000	0.600000	0.004190	0.008322
delivers	2.000000	1.000000	0.002793	0.005571
eat	126.000000	0.508065	0.175978	0.261411
count	2.000000	0.333333	0.002793	0.005540
made	12.000000	0.480000	0.016760	0.032389
cake	9.000000	1.000000	0.012570	0.024828
piece	7.000000	0.777778	0.009777	0.019310
minutes	4.000000	0.285714	0.005587	0.010959
pie	10.000000	0.769231	0.013966	0.027435
inn	12.000000	0.300000	0.016760	0.031746
penne	2.000000	0.666667	0.002793	0.005563
mushroom	5.000000	1.000000	0.006983	0.013870
shredded	2.000000	0.666667	0.002793	0.005563
priced	13.000000	0.541667	0.018156	0.035135
friends	2.000000	0.100000	0.002793	0.005435
using	3.000000	1.000000	0.004190	0.008345
portion	13.000000	0.722222	0.018156	0.035422
baked	2.000000	1.000000	0.002793	0.005571
