limited	6.000000	1.000000	0.007926	0.015727
four	2.000000	0.333333	0.002642	0.005242
worth	13.000000	0.419355	0.017173	0.032995
every	14.000000	0.358974	0.018494	0.035176
frozen	3.000000	1.000000	0.003963	0.007895
enjoy	12.000000	0.413793	0.015852	0.030534
consistent	5.000000	0.625000	0.006605	0.013072
japanese	4.000000	0.800000	0.005284	0.010499
chef	7.000000	1.000000	0.009247	0.018325
dish	36.000000	0.900000	0.047556	0.090339
second	2.000000	1.000000	0.002642	0.005270
fabulous	3.000000	0.750000	0.003963	0.007884
even	19.000000	0.441860	0.025099	0.047500
eco	31.000000	0.387500	0.040951	0.074074
new	6.000000	0.461538	0.007926	0.015584
ever	64.000000	0.444444	0.084544	0.142064
crunch	2.000000	1.000000	0.002642	0.005270
never	16.000000	0.372093	0.021136	0.040000
100	2.000000	0.666667	0.002642	0.005263
mozzarella	3.000000	1.000000	0.003963	0.007895
dry	7.000000	1.000000	0.009247	0.018325
fantastic	11.000000	0.916667	0.014531	0.028609
highly	5.000000	0.263158	0.006605	0.012887
sliced	3.000000	1.000000	0.003963	0.007895
would	19.000000	0.306452	0.025099	0.046398
recommend	14.000000	0.325581	0.018494	0.035000
type	2.000000	0.500000	0.002642	0.005256
tell	5.000000	0.555556	0.006605	0.013055
relax	4.000000	0.333333	0.005284	0.010403
warm	6.000000	0.461538	0.007926	0.015584
excellent	26.000000	0.684211	0.034346	0.065409
must	7.000000	0.466667	0.009247	0.018135
room	11.000000	0.523810	0.014531	0.028278
foods	2.000000	1.000000	0.002642	0.005270
want	6.000000	0.240000	0.007926	0.015345
times	11.000000	0.323529	0.014531	0.027813
end	48.000000	0.315789	0.063408	0.105611
far	11.000000	0.687500	0.014531	0.028461
amazing	23.000000	0.821429	0.030383	0.058599
yum	7.000000	1.000000	0.009247	0.018325
ordinary	2.000000	1.000000	0.002642	0.005270
pizza	35.000000	0.972222	0.046235	0.088272
mess	4.000000	0.800000	0.005284	0.010499
green	3.000000	0.750000	0.003963	0.007884
things	3.000000	0.250000	0.003963	0.007802
fan	15.000000	0.882353	0.019815	0.038760
oysters	3.000000	1.000000	0.003963	0.007895
order	19.000000	0.487179	0.025099	0.047739
wine	12.000000	0.324324	0.015852	0.030227
innovative	2.000000	1.000000	0.002642	0.005270
japan	4.000000	0.800000	0.005284	0.010499
personal	2.000000	0.333333	0.002642	0.005242
fix	6.000000	0.750000	0.007926	0.015686
expectations	2.000000	1.000000	0.002642	0.005270
better	14.000000	0.736842	0.018494	0.036082
belly	5.000000	0.714286	0.006605	0.013089
combination	2.000000	1.000000	0.002642	0.005270
bread	7.000000	1.000000	0.009247	0.018325
meat	7.000000	1.000000	0.009247	0.018325
potatoes	4.000000	1.000000	0.005284	0.010512
reasonably	3.000000	1.000000	0.003963	0.007895
l	601.000000	0.449850	0.793923	0.574295
filling	5.000000	1.000000	0.006605	0.013123
reasonable	6.000000	0.500000	0.007926	0.015605
went	3.000000	0.272727	0.003963	0.007812
torte	2.000000	1.000000	0.002642	0.005270
meal	21.000000	0.875000	0.027741	0.053777
bone	3.000000	1.000000	0.003963	0.007895
mean	5.000000	0.714286	0.006605	0.013089
proportion	2.000000	1.000000	0.002642	0.005270
surprise	2.000000	0.200000	0.002642	0.005215
doesn't	6.000000	0.600000	0.007926	0.015645
free	3.000000	0.600000	0.003963	0.007874
fixe	2.000000	0.500000	0.002642	0.005256
greasy	2.000000	1.000000	0.002642	0.005270
enormous	2.000000	1.000000	0.002642	0.005270
ate	51.000000	0.392308	0.067371	0.114994
inexpensive	2.000000	0.500000	0.002642	0.005256
lousy	2.000000	0.666667	0.002642	0.005263
grade	2.000000	1.000000	0.002642	0.005270
lettuce	2.000000	1.000000	0.002642	0.005270
another	3.000000	0.300000	0.003963	0.007823
service	66.000000	0.515625	0.087186	0.149153
spinach	5.000000	1.000000	0.006605	0.013123
top	17.000000	0.515152	0.022457	0.043038
plentiful	2.000000	1.000000	0.002642	0.005270
listed	2.000000	0.400000	0.002642	0.005249
tom	9.000000	0.450000	0.011889	0.023166
dogs	6.000000	1.000000	0.007926	0.015727
serve	14.000000	0.500000	0.018494	0.035669
took	6.000000	0.545455	0.007926	0.015625
matter	3.000000	0.500000	0.003963	0.007864
minus	2.000000	1.000000	0.002642	0.005270
modern	2.000000	0.500000	0.002642	0.005256
mind	4.000000	0.500000	0.005284	0.010458
mine	3.000000	0.750000	0.003963	0.007884
raw	2.000000	0.333333	0.002642	0.005242
relatively	2.000000	1.000000	0.002642	0.005270
recommended	2.000000	0.200000	0.002642	0.005215
blue	2.000000	1.000000	0.002642	0.005270
though	22.000000	0.511628	0.029062	0.055000
mashed	4.000000	1.000000	0.005284	0.010512
regular	4.000000	0.800000	0.005284	0.010499
mouth	3.000000	0.750000	0.003963	0.007884
dog	10.000000	1.000000	0.013210	0.026076
definitely	5.000000	0.384615	0.006605	0.012987
sum	4.000000	0.363636	0.005284	0.010417
came	6.000000	0.285714	0.007926	0.015424
overpriced	12.000000	1.000000	0.015852	0.031209
prix	3.000000	1.000000	0.003963	0.007895
subtle	2.000000	1.000000	0.002642	0.005270
enjoyed	5.000000	1.000000	0.006605	0.013123
menu	27.000000	0.750000	0.035667	0.068096
rich	2.000000	0.666667	0.002642	0.005263
adequate	2.000000	1.000000	0.002642	0.005270
rice	67.000000	0.638095	0.088507	0.155452
plate	5.000000	0.500000	0.006605	0.013038
appetizer	19.000000	1.000000	0.025099	0.048969
bar	7.000000	0.318182	0.009247	0.017972
bad	9.000000	0.500000	0.011889	0.023226
grilled	3.000000	1.000000	0.003963	0.007895
steak	3.000000	1.000000	0.003963	0.007895
fair	7.000000	0.636364	0.009247	0.018229
noodles	3.000000	0.750000	0.003963	0.007884
best	33.000000	0.702128	0.043593	0.082090
00	8.000000	0.800000	0.010568	0.020860
said	3.000000	0.230769	0.003963	0.007792
away	4.000000	0.266667	0.005284	0.010363
men	61.000000	0.476562	0.080581	0.137853
however	7.000000	0.636364	0.009247	0.018229
received	2.000000	0.285714	0.002642	0.005236
uni	2.000000	0.500000	0.002642	0.005256
freshest	2.000000	1.000000	0.002642	0.005270
tons	2.000000	1.000000	0.002642	0.005270
refill	2.000000	1.000000	0.002642	0.005270
beef	4.000000	1.000000	0.005284	0.010512
three	3.000000	0.375000	0.003963	0.007843
tiny	2.000000	0.333333	0.002642	0.005242
quickly	2.000000	0.500000	0.002642	0.005256
beer	2.000000	0.285714	0.002642	0.005236
much	12.000000	0.444444	0.015852	0.030612
basic	2.000000	0.500000	0.002642	0.005256
expected	3.000000	0.500000	0.003963	0.007864
life	2.000000	1.000000	0.002642	0.005270
relaxing	2.000000	0.666667	0.002642	0.005263
personally	2.000000	1.000000	0.002642	0.005270
worked	2.000000	1.000000	0.002642	0.005270
exception	6.000000	1.000000	0.007926	0.015727
save	2.000000	0.500000	0.002642	0.005256
say	9.000000	0.375000	0.011889	0.023047
act	11.000000	0.297297	0.014531	0.027708
evening	2.000000	0.222222	0.002642	0.005222
melted	2.000000	1.000000	0.002642	0.005270
dumplings	8.000000	1.000000	0.010568	0.020915
broth	2.000000	1.000000	0.002642	0.005270
sushi	25.000000	0.892857	0.033025	0.063694
complaint	2.000000	1.000000	0.002642	0.005270
cant	2.000000	1.000000	0.002642	0.005270
make	11.000000	0.297297	0.014531	0.027708
several	3.000000	0.375000	0.003963	0.007843
fairly	2.000000	0.400000	0.002642	0.005249
hand	5.000000	0.416667	0.006605	0.013004
delight	3.000000	0.375000	0.003963	0.007843
tuna	7.000000	0.777778	0.009247	0.018277
burgers	4.000000	1.000000	0.005284	0.010512
left	4.000000	0.333333	0.005284	0.010403
yes	4.000000	0.666667	0.005284	0.010485
yet	3.000000	0.500000	0.003963	0.007864
previous	2.000000	0.666667	0.002642	0.005263
board	2.000000	0.666667	0.002642	0.005263
east	4.000000	0.266667	0.005284	0.010363
fusion	2.000000	1.000000	0.002642	0.005270
apart	2.000000	0.666667	0.002642	0.005263
unique	2.000000	1.000000	0.002642	0.005270
night	6.000000	0.250000	0.007926	0.015365
right	3.000000	0.333333	0.003963	0.007833
old	10.000000	0.416667	0.013210	0.025608
deal	4.000000	0.444444	0.005284	0.010444
people	7.000000	0.318182	0.009247	0.017972
begin	2.000000	0.500000	0.002642	0.005256
phenomenal	4.000000	1.000000	0.005284	0.010512
ice	158.000000	0.486154	0.208719	0.292052
creative	4.000000	1.000000	0.005284	0.010512
everything	8.000000	0.615385	0.010568	0.020779
paid	3.000000	0.375000	0.003963	0.007843
super	5.000000	0.555556	0.006605	0.013055
inedible	3.000000	1.000000	0.003963	0.007895
dinner	8.000000	0.258065	0.010568	0.020305
plus	2.000000	1.000000	0.002642	0.005270
soo	4.000000	0.400000	0.005284	0.010430
son	25.000000	0.520833	0.033025	0.062112
soy	2.000000	1.000000	0.002642	0.005270
wan	10.000000	0.344828	0.013210	0.025445
way	34.000000	0.425000	0.044914	0.081243
call	11.000000	0.687500	0.014531	0.028461
happy	5.000000	0.625000	0.006605	0.013072
form	2.000000	0.666667	0.002642	0.005263
offer	4.000000	0.333333	0.005284	0.010403
hear	3.000000	0.333333	0.003963	0.007833
portions	9.000000	1.000000	0.011889	0.023499
inside	3.000000	0.500000	0.003963	0.007864
average	13.000000	0.764706	0.017173	0.033592
sticks	3.000000	1.000000	0.003963	0.007895
classic	2.000000	1.000000	0.002642	0.005270
kha	2.000000	0.500000	0.002642	0.005256
mediocre	5.000000	1.000000	0.006605	0.013123
trip	4.000000	0.363636	0.005284	0.010417
generally	2.000000	0.500000	0.002642	0.005256
ny	29.000000	0.408451	0.038309	0.070048
roll	22.000000	0.916667	0.029062	0.056338
felt	2.000000	0.285714	0.002642	0.005236
fell	2.000000	1.000000	0.002642	0.005270
potato	7.000000	1.000000	0.009247	0.018325
time	22.000000	0.255814	0.029062	0.052195
skip	2.000000	0.500000	0.002642	0.005256
skin	2.000000	0.333333	0.002642	0.005242
certainly	2.000000	0.400000	0.002642	0.005249
yummy	6.000000	1.000000	0.007926	0.015727
father	2.000000	1.000000	0.002642	0.005270
disgusting	4.000000	0.666667	0.005284	0.010485
veg	7.000000	1.000000	0.009247	0.018325
icing	2.000000	1.000000	0.002642	0.005270
choice	4.000000	0.500000	0.005284	0.010458
cook	14.000000	1.000000	0.018494	0.036316
cool	4.000000	0.500000	0.005284	0.010458
dim	3.000000	0.750000	0.003963	0.007884
impressive	2.000000	0.666667	0.002642	0.005263
presented	2.000000	1.000000	0.002642	0.005270
die	14.000000	0.875000	0.018494	0.036223
specials	5.000000	1.000000	0.006605	0.013123
settle	2.000000	1.000000	0.002642	0.005270
quick	3.000000	0.333333	0.003963	0.007833
pork	7.000000	1.000000	0.009247	0.018325
work	6.000000	0.375000	0.007926	0.015524
seasoning	3.000000	1.000000	0.003963	0.007895
d	668.000000	0.485818	0.882431	0.626642
rough	6.000000	0.500000	0.007926	0.015605
drinks	7.000000	0.318182	0.009247	0.017972
melt	4.000000	1.000000	0.005284	0.010512
shared	2.000000	1.000000	0.002642	0.005270
water	3.000000	0.428571	0.003963	0.007853
alone	2.000000	0.500000	0.002642	0.005256
wait	18.000000	0.216867	0.023778	0.042857
suggestion	2.000000	1.000000	0.002642	0.005270
usually	4.000000	0.571429	0.005284	0.010471
weird	2.000000	0.666667	0.002642	0.005263
entrees	2.000000	1.000000	0.002642	0.005270
love	12.000000	0.428571	0.015852	0.030573
extra	3.000000	0.750000	0.003963	0.007884
flavors	3.000000	1.000000	0.003963	0.007895
sake	2.000000	0.285714	0.002642	0.005236
visit	3.000000	0.125000	0.003963	0.007682
creamy	2.000000	1.000000	0.002642	0.005270
squid	2.000000	1.000000	0.002642	0.005270
chocolate	4.000000	1.000000	0.005284	0.010512
edible	10.000000	0.909091	0.013210	0.026042
reviews	3.000000	0.333333	0.003963	0.007833
soup	7.000000	1.000000	0.009247	0.018325
following	3.000000	1.000000	0.003963	0.007895
awesome	4.000000	0.666667	0.005284	0.010485
didn't	8.000000	0.400000	0.010568	0.020592
heard	2.000000	0.666667	0.002642	0.005263
chic	18.000000	0.947368	0.023778	0.046392
means	3.000000	1.000000	0.003963	0.007895
1	16.000000	0.484848	0.021136	0.040506
pure	2.000000	1.000000	0.002642	0.005270
speaks	3.000000	1.000000	0.003963	0.007895
may	6.000000	0.461538	0.007926	0.015584
spot	6.000000	0.272727	0.007926	0.015404
disgusted	2.000000	1.000000	0.002642	0.005270
mad	12.000000	0.461538	0.015852	0.030651
mai	11.000000	0.611111	0.014531	0.028387
remember	4.000000	0.666667	0.005284	0.010485
octopus	2.000000	1.000000	0.002642	0.005270
st	281.000000	0.460656	0.371202	0.411119
se	239.000000	0.501048	0.315720	0.387358
serving	2.000000	0.666667	0.002642	0.005263
years	6.000000	0.428571	0.007926	0.015564
course	5.000000	0.500000	0.006605	0.013038
cold	6.000000	0.750000	0.007926	0.015686
still	4.000000	0.400000	0.005284	0.010430
bagels	7.000000	1.000000	0.009247	0.018325
appetizers	6.000000	1.000000	0.007926	0.015727
hot	11.000000	0.733333	0.014531	0.028497
main	8.000000	0.666667	0.010568	0.020806
non	3.000000	0.500000	0.003963	0.007864
3	6.000000	0.400000	0.007926	0.015544
lunch	4.000000	0.400000	0.005284	0.010430
half	4.000000	0.400000	0.005284	0.010430
name	3.000000	0.428571	0.003963	0.007853
rock	2.000000	0.666667	0.002642	0.005263
en	279.000000	0.431221	0.368560	0.397436
year	7.000000	0.388889	0.009247	0.018065
ew	29.000000	0.371795	0.038309	0.069461
salads	4.000000	1.000000	0.005284	0.010512
rude	3.000000	0.166667	0.003963	0.007742
space	2.000000	0.400000	0.002642	0.005249
looking	3.000000	0.272727	0.003963	0.007812
tempura	4.000000	1.000000	0.005284	0.010512
quite	5.000000	0.500000	0.006605	0.013038
care	2.000000	0.333333	0.002642	0.005242
selections	2.000000	1.000000	0.002642	0.005270
waiter	6.000000	0.222222	0.007926	0.015306
tasting	4.000000	1.000000	0.005284	0.010512
thing	41.000000	0.500000	0.054161	0.097735
place	44.000000	0.241758	0.058124	0.093717
think	7.000000	0.388889	0.009247	0.018065
first	5.000000	0.357143	0.006605	0.012970
cheese	16.000000	0.941176	0.021136	0.041344
one	54.000000	0.450000	0.071334	0.123147
long	2.000000	0.222222	0.002642	0.005222
size	7.000000	1.000000	0.009247	0.018325
city	6.000000	0.375000	0.007926	0.015524
little	12.000000	0.428571	0.015852	0.030573
bite	6.000000	0.750000	0.007926	0.015686
anyone	2.000000	0.500000	0.002642	0.005256
2	16.000000	0.666667	0.021136	0.040973
friend	22.000000	0.289474	0.029062	0.052821
gives	2.000000	1.000000	0.002642	0.005270
thai	4.000000	0.800000	0.005284	0.010499
boyfriend	3.000000	0.428571	0.003963	0.007853
10	5.000000	0.500000	0.006605	0.013038
15	2.000000	0.285714	0.002642	0.005236
pre	38.000000	0.593750	0.050198	0.092570
tasted	10.000000	0.909091	0.013210	0.026042
sat	4.000000	0.266667	0.005284	0.010363
terrific	5.000000	0.833333	0.006605	0.013106
dining	4.000000	0.333333	0.005284	0.010403
interior	2.000000	0.500000	0.002642	0.005256
topping	6.000000	0.857143	0.007926	0.015707
sure	7.000000	0.368421	0.009247	0.018041
cheesecake	2.000000	1.000000	0.002642	0.005270
price	55.000000	0.647059	0.072655	0.130641
buffet	2.000000	1.000000	0.002642	0.005270
especially	6.000000	0.500000	0.007926	0.015605
surprising	3.000000	0.750000	0.003963	0.007884
gyro	3.000000	1.000000	0.003963	0.007895
seafood	6.000000	0.857143	0.007926	0.015707
hungry	2.000000	0.500000	0.002642	0.005256
professional	3.000000	0.428571	0.003963	0.007853
salt	6.000000	1.000000	0.007926	0.015727
quantity	2.000000	1.000000	0.002642	0.005270
mains	2.000000	1.000000	0.002642	0.005270
cheap	10.000000	0.909091	0.013210	0.026042
corner	2.000000	1.000000	0.002642	0.005270
aggressive	2.000000	0.666667	0.002642	0.005263
tend	5.000000	0.384615	0.006605	0.012987
calamari	3.000000	1.000000	0.003963	0.007895
favor	7.000000	0.333333	0.009247	0.017995
cheeseburger	2.000000	1.000000	0.002642	0.005270
enough	4.000000	0.363636	0.005284	0.010417
going	8.000000	0.333333	0.010568	0.020487
black	3.000000	1.000000	0.003963	0.007895
get	31.000000	0.449275	0.040951	0.075061
cannot	3.000000	0.333333	0.003963	0.007833
gem	3.000000	0.214286	0.003963	0.007782
could've	2.000000	1.000000	0.002642	0.005270
husband	6.000000	0.600000	0.007926	0.015645
seat	2.000000	0.142857	0.002642	0.005188
review	6.000000	0.352941	0.007926	0.015504
glaze	2.000000	1.000000	0.002642	0.005270
outside	3.000000	0.333333	0.003963	0.007833
ink	18.000000	0.352941	0.023778	0.044554
across	2.000000	0.666667	0.002642	0.005263
affordable	2.000000	0.500000	0.002642	0.005256
come	9.000000	0.375000	0.011889	0.023047
many	6.000000	0.375000	0.007926	0.015524
can't	6.000000	0.285714	0.007926	0.015424
pot	14.000000	0.466667	0.018494	0.035578
souvlaki	2.000000	1.000000	0.002642	0.005270
anti	6.000000	0.250000	0.007926	0.015365
couldn't	3.000000	0.750000	0.003963	0.007884
ravioli	2.000000	1.000000	0.002642	0.005270
500	2.000000	0.666667	0.002642	0.005263
tasteless	4.000000	1.000000	0.005284	0.010512
undercooked	2.000000	1.000000	0.002642	0.005270
attentive	4.000000	0.222222	0.005284	0.010323
paying	2.000000	0.666667	0.002642	0.005263
might	3.000000	0.500000	0.003963	0.007864
pastas	3.000000	1.000000	0.003963	0.007895
different	8.000000	0.444444	0.010568	0.020645
pay	6.000000	0.500000	0.007926	0.015605
bowl	2.000000	1.000000	0.002642	0.005270
mole	4.000000	1.000000	0.005284	0.010512
pad	3.000000	1.000000	0.003963	0.007895
week	4.000000	0.363636	0.005284	0.010417
finish	3.000000	0.428571	0.003963	0.007853
totally	2.000000	0.333333	0.002642	0.005242
theater	2.000000	0.666667	0.002642	0.005263
without	2.000000	0.200000	0.002642	0.005215
veal	3.000000	1.000000	0.003963	0.007895
comes	2.000000	0.666667	0.002642	0.005263
steamed	2.000000	1.000000	0.002642	0.005270
dancers	2.000000	0.666667	0.002642	0.005263
rest	29.000000	0.252174	0.038309	0.066514
braised	2.000000	1.000000	0.002642	0.005270
touch	3.000000	1.000000	0.003963	0.007895
flavor	15.000000	1.000000	0.019815	0.038860
rose	3.000000	1.000000	0.003963	0.007895
seems	2.000000	0.333333	0.002642	0.005242
4	9.000000	0.529412	0.011889	0.023256
extensive	2.000000	0.333333	0.002642	0.005242
real	28.000000	0.595745	0.036988	0.069652
around	4.000000	0.266667	0.005284	0.010363
spectacular	3.000000	0.500000	0.003963	0.007864
read	10.000000	0.714286	0.013210	0.025940
world	8.000000	0.571429	0.010568	0.020752
disappointed	3.000000	0.333333	0.003963	0.007833
server	2.000000	0.250000	0.002642	0.005229
either	2.000000	0.285714	0.002642	0.005236
fully	3.000000	0.375000	0.003963	0.007843
served	7.000000	0.583333	0.009247	0.018205
tart	5.000000	0.416667	0.006605	0.013004
eggplant	3.000000	1.000000	0.003963	0.007895
lobster	9.000000	1.000000	0.011889	0.023499
divine	2.000000	1.000000	0.002642	0.005270
gross	2.000000	1.000000	0.002642	0.005270
slice	8.000000	1.000000	0.010568	0.020915
moderate	2.000000	1.000000	0.002642	0.005270
roast	3.000000	1.000000	0.003963	0.007895
ration	2.000000	0.666667	0.002642	0.005263
unusual	2.000000	1.000000	0.002642	0.005270
stone	2.000000	1.000000	0.002642	0.005270
ok	51.000000	0.536842	0.067371	0.119718
favorite	5.000000	0.263158	0.006605	0.012887
side	14.000000	0.378378	0.018494	0.035264
oz	8.000000	0.500000	0.010568	0.020699
decent	6.000000	1.000000	0.007926	0.015727
ow	52.000000	0.346667	0.068692	0.114664
gari	2.000000	0.666667	0.002642	0.005263
fill	8.000000	0.666667	0.010568	0.020806
prepare	7.000000	0.700000	0.009247	0.018253
area	4.000000	0.500000	0.005284	0.010458
lol	3.000000	0.750000	0.003963	0.007884
meals	5.000000	0.833333	0.006605	0.013106
low	11.000000	0.458333	0.014531	0.028169
lot	8.000000	0.444444	0.010568	0.020645
spicy	12.000000	1.000000	0.015852	0.031209
trying	2.000000	0.400000	0.002642	0.005249
spice	3.000000	1.000000	0.003963	0.007895
they're	3.000000	0.500000	0.003963	0.007864
wasn't	10.000000	0.666667	0.013210	0.025907
gone	4.000000	1.000000	0.005284	0.010512
taste	23.000000	0.793103	0.030383	0.058524
tasty	20.000000	0.909091	0.026420	0.051348
girlfriend	3.000000	0.750000	0.003963	0.007884
cream	7.000000	1.000000	0.009247	0.018325
maybe	2.000000	0.500000	0.002642	0.005256
5	9.000000	0.333333	0.011889	0.022959
poor	3.000000	0.500000	0.003963	0.007864
pear	2.000000	0.333333	0.002642	0.005242
important	2.000000	0.666667	0.002642	0.005263
fresh	33.000000	0.942857	0.043593	0.083333
included	2.000000	0.666667	0.002642	0.005263
wife	5.000000	0.714286	0.006605	0.013089
u	533.000000	0.453617	0.704095	0.551760
original	2.000000	0.500000	0.002642	0.005256
consider	5.000000	0.833333	0.006605	0.013106
chinese	2.000000	1.000000	0.002642	0.005270
porcini	2.000000	1.000000	0.002642	0.005270
dumpling	8.000000	1.000000	0.010568	0.020915
sashimi	5.000000	0.833333	0.006605	0.013106
congee	3.000000	1.000000	0.003963	0.007895
sitting	2.000000	0.285714	0.002642	0.005236
fat	4.000000	1.000000	0.005284	0.010512
worst	5.000000	0.833333	0.006605	0.013106
we've	3.000000	0.750000	0.003963	0.007884
heaven	2.000000	1.000000	0.002642	0.005270
list	6.000000	0.300000	0.007926	0.015444
large	8.000000	0.727273	0.010568	0.020833
small	10.000000	0.476190	0.013210	0.025707
neighborhood	3.000000	0.333333	0.003963	0.007833
tea	12.000000	0.631579	0.015852	0.030928
past	15.000000	0.937500	0.019815	0.038810
pass	4.000000	0.666667	0.005284	0.010485
choices	3.000000	0.500000	0.003963	0.007864
cheeses	3.000000	1.000000	0.003963	0.007895
section	2.000000	1.000000	0.002642	0.005270
crust	9.000000	1.000000	0.011889	0.023499
scallops	2.000000	1.000000	0.002642	0.005270
full	6.000000	0.428571	0.007926	0.015564
margherita	3.000000	1.000000	0.003963	0.007895
vegetarian	4.000000	1.000000	0.005284	0.010512
experience	8.000000	0.250000	0.010568	0.020279
lasagna	2.000000	1.000000	0.002642	0.005270
pick	2.000000	0.666667	0.002642	0.005263
family	5.000000	0.500000	0.006605	0.013038
put	2.000000	0.250000	0.002642	0.005229
two	7.000000	0.466667	0.009247	0.018135
6	3.000000	0.333333	0.003963	0.007833
stick	4.000000	1.000000	0.005284	0.010512
particular	4.000000	0.666667	0.005284	0.010485
town	4.000000	0.363636	0.005284	0.010417
grill	3.000000	1.000000	0.003963	0.007895
sent	4.000000	0.571429	0.005284	0.010471
beautiful	4.000000	0.363636	0.005284	0.010417
share	6.000000	1.000000	0.007926	0.015727
salty	3.000000	1.000000	0.003963	0.007895
huge	10.000000	0.833333	0.013210	0.026008
rather	3.000000	0.500000	0.003963	0.007864
comfort	2.000000	0.285714	0.002642	0.005236
stir	2.000000	1.000000	0.002642	0.005270
goat	3.000000	1.000000	0.003963	0.007895
sandwich	8.000000	0.800000	0.010568	0.020860
okay	2.000000	0.500000	0.002642	0.005256
tried	7.000000	0.636364	0.009247	0.018229
waitstaff	2.000000	0.500000	0.002642	0.005256
par	28.000000	0.549020	0.036988	0.069307
fe	58.000000	0.460317	0.076618	0.131370
tacos	2.000000	1.000000	0.002642	0.005270
authentic	7.000000	1.000000	0.009247	0.018325
eats	2.000000	0.666667	0.002642	0.005263
buns	2.000000	1.000000	0.002642	0.005270
egg	7.000000	0.875000	0.009247	0.018301
that's	4.000000	0.444444	0.005284	0.010444
help	3.000000	0.300000	0.003963	0.007823
don't	12.000000	0.400000	0.015852	0.030496
sooo	2.000000	0.666667	0.002642	0.005263
dough	2.000000	1.000000	0.002642	0.005270
arrogant	2.000000	0.666667	0.002642	0.005263
24	2.000000	1.000000	0.002642	0.005270
style	4.000000	0.666667	0.005284	0.010485
20	4.000000	0.800000	0.005284	0.010499
actually	3.000000	0.300000	0.003963	0.007823
late	11.000000	0.478261	0.014531	0.028205
sauce	14.000000	1.000000	0.018494	0.036316
someone	3.000000	0.375000	0.003963	0.007843
return	2.000000	0.181818	0.002642	0.005208
food	242.000000	0.930769	0.319683	0.475910
always	16.000000	0.410256	0.021136	0.040201
level	2.000000	0.500000	0.002642	0.005256
found	8.000000	0.666667	0.010568	0.020806
clams	2.000000	1.000000	0.002642	0.005270
delicious	51.000000	1.000000	0.067371	0.126238
house	4.000000	0.444444	0.005284	0.010444
fish	23.000000	1.000000	0.030383	0.058974
hard	2.000000	0.500000	0.002642	0.005256
oil	10.000000	0.833333	0.013210	0.026008
expect	9.000000	0.529412	0.011889	0.023256
really	23.000000	0.575000	0.030383	0.057716
item	2.000000	1.000000	0.002642	0.005270
since	5.000000	0.500000	0.006605	0.013038
tiramisu	2.000000	1.000000	0.002642	0.005270
7	5.000000	0.625000	0.006605	0.013072
ass	17.000000	0.395349	0.022457	0.042500
bass	2.000000	1.000000	0.002642	0.005270
calzone	2.000000	1.000000	0.002642	0.005270
like	35.000000	0.421687	0.046235	0.083333
pleasant	3.000000	0.166667	0.003963	0.007742
reason	11.000000	0.550000	0.014531	0.028314
ask	3.000000	0.103448	0.003963	0.007634
w	458.000000	0.453915	0.605020	0.518686
dine	4.000000	0.444444	0.005284	0.010444
dont	2.000000	0.500000	0.002642	0.005256
feel	8.000000	0.347826	0.010568	0.020513
fancy	3.000000	1.000000	0.003963	0.007895
done	5.000000	0.555556	0.006605	0.013055
bland	12.000000	1.000000	0.015852	0.031209
guest	3.000000	0.428571	0.003963	0.007853
least	2.000000	0.200000	0.002642	0.005215
scallion	2.000000	1.000000	0.002642	0.005270
wonderful	9.000000	0.450000	0.011889	0.023166
banana	3.000000	1.000000	0.003963	0.007895
option	2.000000	1.000000	0.002642	0.005270
part	12.000000	0.413793	0.015852	0.030534
believe	3.000000	0.500000	0.003963	0.007864
kind	4.000000	0.444444	0.005284	0.010444
stale	2.000000	1.000000	0.002642	0.005270
sty	26.000000	0.812500	0.034346	0.065906
outstanding	5.000000	1.000000	0.006605	0.013123
well	19.000000	0.500000	0.025099	0.047799
ages	3.000000	0.750000	0.003963	0.007884
lie	10.000000	0.476190	0.013210	0.025707
check	2.000000	0.333333	0.002642	0.005242
self	8.000000	0.533333	0.010568	0.020725
also	14.000000	0.666667	0.018494	0.035990
sandwiches	2.000000	1.000000	0.002642	0.005270
eggs	2.000000	0.666667	0.002642	0.005263
salmon	6.000000	1.000000	0.007926	0.015727
eaten	6.000000	0.600000	0.007926	0.015645
nothing	9.000000	0.391304	0.011889	0.023077
extremely	4.000000	0.571429	0.005284	0.010471
oyster	4.000000	0.800000	0.005284	0.010499
sometimes	3.000000	0.500000	0.003963	0.007864
clean	2.000000	0.285714	0.002642	0.005236
notch	3.000000	0.600000	0.003963	0.007874
particularly	2.000000	0.500000	0.002642	0.005256
fine	7.000000	0.777778	0.009247	0.018277
find	3.000000	0.230769	0.003963	0.007792
maggot	2.000000	0.666667	0.002642	0.005263
pretty	10.000000	0.555556	0.013210	0.025806
8	3.000000	0.375000	0.003963	0.007843
hip	5.000000	0.714286	0.006605	0.013089
hit	3.000000	0.600000	0.003963	0.007874
preparing	2.000000	1.000000	0.002642	0.005270
devoured	2.000000	1.000000	0.002642	0.005270
restaurants	5.000000	0.263158	0.006605	0.012887
cramp	2.000000	0.400000	0.002642	0.005249
art	22.000000	0.338462	0.029062	0.053528
sea	17.000000	0.515152	0.022457	0.043038
tender	3.000000	0.375000	0.003963	0.007843
close	3.000000	0.500000	0.003963	0.007864
mussels	2.000000	1.000000	0.002642	0.005270
probably	3.000000	0.500000	0.003963	0.007864
last	7.000000	0.318182	0.009247	0.017972
restaurant	26.000000	0.252427	0.034346	0.060465
barely	3.000000	0.750000	0.003963	0.007884
load	2.000000	1.000000	0.002642	0.005270
cakes	2.000000	1.000000	0.002642	0.005270
simple	5.000000	0.714286	0.006605	0.013089
sweet	5.000000	0.833333	0.006605	0.013106
except	9.000000	0.818182	0.011889	0.023437
scallop	2.000000	1.000000	0.002642	0.005270
simply	4.000000	0.444444	0.005284	0.010444
crispy	2.000000	1.000000	0.002642	0.005270
expensive	8.000000	0.571429	0.010568	0.020752
create	2.000000	1.000000	0.002642	0.005270
empty	2.000000	0.333333	0.002642	0.005242
lived	2.000000	0.500000	0.002642	0.005256
else	6.000000	0.400000	0.007926	0.015544
pricey	6.000000	0.750000	0.007926	0.015686
lives	2.000000	1.000000	0.002642	0.005270
prices	17.000000	0.586207	0.022457	0.043257
bruschetta	2.000000	1.000000	0.002642	0.005270
look	13.000000	0.433333	0.017173	0.033037
teriyaki	2.000000	1.000000	0.002642	0.005270
bill	2.000000	0.222222	0.002642	0.005222
match	2.000000	1.000000	0.002642	0.005270
fun	7.000000	0.368421	0.009247	0.018041
rip	8.000000	0.533333	0.010568	0.020725
disappointing	2.000000	0.400000	0.002642	0.005249
rib	8.000000	0.400000	0.010568	0.020592
cuisine	5.000000	1.000000	0.006605	0.013123
decor	12.000000	0.521739	0.015852	0.030769
used	2.000000	0.250000	0.002642	0.005229
noodle	5.000000	0.833333	0.006605	0.013106
person	3.000000	0.300000	0.003963	0.007823
spend	2.000000	0.500000	0.002642	0.005256
know	4.000000	0.222222	0.005284	0.010323
reviewer	2.000000	0.500000	0.002642	0.005256
tables	6.000000	0.545455	0.007926	0.015625
big	4.000000	0.285714	0.005284	0.010376
couple	3.000000	0.500000	0.003963	0.007864
bit	18.000000	0.620690	0.023778	0.045802
absolutely	5.000000	0.416667	0.006605	0.013004
back	8.000000	0.117647	0.010568	0.019394
mmmmm	2.000000	1.000000	0.002642	0.005270
sauces	2.000000	1.000000	0.002642	0.005270
per	35.000000	0.380435	0.046235	0.082450
eater	4.000000	0.666667	0.005284	0.010485
amazin	24.000000	0.827586	0.031704	0.061069
eating	4.000000	0.285714	0.005284	0.010376
anything	5.000000	0.555556	0.006605	0.013055
range	2.000000	0.500000	0.002642	0.005256
complimentary	2.000000	0.400000	0.002642	0.005249
good	107.000000	0.703947	0.141347	0.235424
appropriate	2.000000	1.000000	0.002642	0.005270
rolls	11.000000	0.916667	0.014531	0.028609
impressed	6.000000	0.857143	0.007926	0.015707
fast	4.000000	0.307692	0.005284	0.010390
homemade	2.000000	1.000000	0.002642	0.005270
filet	3.000000	1.000000	0.003963	0.007895
buttery	3.000000	1.000000	0.003963	0.007895
fishy	2.000000	1.000000	0.002642	0.005270
fries	2.000000	1.000000	0.002642	0.005270
us	199.000000	0.555866	0.262880	0.356951
planet	2.000000	1.000000	0.002642	0.005270
fried	7.000000	1.000000	0.009247	0.018325
called	3.000000	0.600000	0.003963	0.007874
ordered	10.000000	0.714286	0.013210	0.025940
appetizing	3.000000	0.750000	0.003963	0.007884
lemon	2.000000	0.666667	0.002642	0.005263
nice	15.000000	0.333333	0.019815	0.037406
prepared	6.000000	0.666667	0.007926	0.015666
ago	4.000000	1.000000	0.005284	0.010512
age	38.000000	0.535211	0.050198	0.091787
cooked	12.000000	1.000000	0.015852	0.031209
desserts	2.000000	0.666667	0.002642	0.005263
go	151.000000	0.518900	0.199472	0.288168
seemed	3.000000	0.500000	0.003963	0.007864
ambience	5.000000	0.454545	0.006605	0.013021
include	3.000000	0.500000	0.003963	0.007864
friendly	10.000000	0.322581	0.013210	0.025381
waiters	2.000000	0.333333	0.002642	0.005242
dessert	16.000000	0.800000	0.021136	0.041184
entire	2.000000	0.666667	0.002642	0.005263
asparagus	2.000000	1.000000	0.002642	0.005270
try	12.000000	0.333333	0.015852	0.030265
pepper	3.000000	1.000000	0.003963	0.007895
spaghetti	2.000000	1.000000	0.002642	0.005270
consistently	3.000000	1.000000	0.003963	0.007895
indian	3.000000	0.750000	0.003963	0.007884
cozy	2.000000	0.250000	0.002642	0.005229
got	17.000000	0.485714	0.022457	0.042929
let	14.000000	0.538462	0.018494	0.035760
vinegar	3.000000	1.000000	0.003963	0.007895
great	73.000000	0.536765	0.096433	0.163494
spices	2.000000	1.000000	0.002642	0.005270
makes	6.000000	0.666667	0.007926	0.015666
duck	2.000000	1.000000	0.002642	0.005270
home	6.000000	0.545455	0.007926	0.015625
use	20.000000	0.384615	0.026420	0.049444
crab	5.000000	1.000000	0.006605	0.013123
oily	8.000000	1.000000	0.010568	0.020915
started	2.000000	0.500000	0.002642	0.005256
salad	13.000000	1.000000	0.017173	0.033766
thin	53.000000	0.509615	0.070013	0.123113
pieces	2.000000	1.000000	0.002642	0.005270
high	9.000000	0.310345	0.011889	0.022901
something	2.000000	0.400000	0.002642	0.005249
shrimp	9.000000	1.000000	0.011889	0.023499
onions	2.000000	1.000000	0.002642	0.005270
lamb	5.000000	1.000000	0.006605	0.013123
daring	2.000000	1.000000	0.002642	0.005270
sit	10.000000	0.222222	0.013210	0.024938
vibe	2.000000	0.500000	0.002642	0.005256
instead	2.000000	0.500000	0.002642	0.005256
entree	10.000000	1.000000	0.013210	0.026076
tomato	3.000000	1.000000	0.003963	0.007895
light	10.000000	0.500000	0.013210	0.025740
soggy	5.000000	1.000000	0.006605	0.013123
won't	3.000000	0.500000	0.003963	0.007864
looks	2.000000	0.666667	0.002642	0.005263
perfect	12.000000	0.521739	0.015852	0.030769
la	167.000000	0.426020	0.220608	0.290688
covered	2.000000	0.666667	0.002642	0.005263
dam	3.000000	1.000000	0.003963	0.007895
mention	2.000000	1.000000	0.002642	0.005270
hands	3.000000	1.000000	0.003963	0.007895
front	4.000000	0.571429	0.005284	0.010471
day	8.000000	0.250000	0.010568	0.020279
risotto	3.000000	1.000000	0.003963	0.007895
fare	2.000000	0.666667	0.002642	0.005263
variety	4.000000	1.000000	0.005284	0.010512
exceeded	2.000000	1.000000	0.002642	0.005270
special	25.000000	0.568182	0.033025	0.062422
cause	8.000000	0.307692	0.010568	0.020434
red	53.000000	0.609195	0.070013	0.125592
wines	3.000000	0.500000	0.003963	0.007864
completely	4.000000	0.571429	0.005284	0.010471
york	2.000000	0.500000	0.002642	0.005256
organic	2.000000	1.000000	0.002642	0.005270
could	13.000000	0.619048	0.017173	0.033419
keep	3.000000	0.300000	0.003963	0.007823
pudding	2.000000	1.000000	0.002642	0.005270
waitress	3.000000	0.187500	0.003963	0.007762
quality	13.000000	0.928571	0.017173	0.033722
you're	4.000000	0.285714	0.005284	0.010376
stomach	4.000000	0.800000	0.005284	0.010499
loved	2.000000	0.250000	0.002642	0.005229
bother	2.000000	1.000000	0.002642	0.005270
see	10.000000	0.285714	0.013210	0.025253
bev	2.000000	0.400000	0.002642	0.005249
bet	15.000000	0.714286	0.019815	0.038560
need	5.000000	0.454545	0.006605	0.013021
clearly	3.000000	1.000000	0.003963	0.007895
dishes	26.000000	0.928571	0.034346	0.066242
able	34.000000	0.377778	0.044914	0.080283
mid	3.000000	0.428571	0.003963	0.007853
bagel	10.000000	0.909091	0.013210	0.026042
class	4.000000	0.666667	0.005284	0.010485
request	2.000000	0.285714	0.002642	0.005236
looked	5.000000	0.555556	0.006605	0.013055
fact	3.000000	0.375000	0.003963	0.007843
atmosphere	10.000000	0.322581	0.013210	0.025381
selection	10.000000	0.666667	0.013210	0.025907
chicken	17.000000	0.944444	0.022457	0.043871
staff	15.000000	0.288462	0.019815	0.037083
exceptional	4.000000	1.000000	0.005284	0.010512
beat	3.000000	0.500000	0.003963	0.007864
overall	2.000000	0.400000	0.002642	0.005249
likely	2.000000	0.666667	0.002642	0.005263
perfection	3.000000	1.000000	0.003963	0.007895
chips	4.000000	1.000000	0.005284	0.010512
ended	3.000000	0.200000	0.003963	0.007772
stuff	6.000000	1.000000	0.007926	0.015727
including	2.000000	0.666667	0.002642	0.005263
view	11.000000	0.423077	0.014531	0.028097
superb	3.000000	1.000000	0.003963	0.007895
horrible	5.000000	0.500000	0.006605	0.013038
tent	13.000000	0.371429	0.017173	0.032828
otherwise	2.000000	1.000000	0.002642	0.005270
comment	2.000000	0.666667	0.002642	0.005263
table	14.000000	0.291667	0.018494	0.034783
it's	12.000000	0.342857	0.015852	0.030303
balsamic	2.000000	1.000000	0.002642	0.005270
sausages	2.000000	1.000000	0.002642	0.005270
brunch	2.000000	0.666667	0.002642	0.005263
plain	3.000000	0.375000	0.003963	0.007843
value	3.000000	0.300000	0.003963	0.007823
pretentious	2.000000	1.000000	0.002642	0.005270
almost	3.000000	0.333333	0.003963	0.007833
surprisingly	2.000000	1.000000	0.002642	0.005270
views	5.000000	0.454545	0.006605	0.013021
party	2.000000	0.333333	0.002642	0.005242
gets	2.000000	0.250000	0.002642	0.005229
slightly	4.000000	0.800000	0.005284	0.010499
drink	9.000000	0.300000	0.011889	0.022872
upon	2.000000	0.400000	0.002642	0.005249
pita	4.000000	0.800000	0.005284	0.010499
ingredients	6.000000	1.000000	0.007926	0.015727
thought	6.000000	0.545455	0.007926	0.015625
less	13.000000	0.619048	0.017173	0.033419
rooms	2.000000	0.666667	0.002642	0.005263
add	4.000000	0.571429	0.005284	0.010471
helpful	2.000000	0.285714	0.002642	0.005236
onion	2.000000	1.000000	0.002642	0.005270
sizes	2.000000	1.000000	0.002642	0.005270
roti	2.000000	1.000000	0.002642	0.005270
soft	2.000000	1.000000	0.002642	0.005270
ess	57.000000	0.513514	0.075297	0.131336
although	3.000000	0.375000	0.003963	0.007843
pasta	10.000000	1.000000	0.013210	0.026076
actual	4.000000	0.363636	0.005284	0.010417
toppings	5.000000	1.000000	0.006605	0.013123
vegetables	3.000000	1.000000	0.003963	0.007895
caviar	3.000000	1.000000	0.003963	0.007895
i've	2.000000	0.666667	0.002642	0.005263
delivery	3.000000	0.600000	0.003963	0.007874
bun	4.000000	0.800000	0.005284	0.010499
delivers	2.000000	1.000000	0.002642	0.005270
eat	128.000000	0.516129	0.169089	0.254726
count	3.000000	0.500000	0.003963	0.007864
made	11.000000	0.440000	0.014531	0.028133
cake	9.000000	1.000000	0.011889	0.023499
piece	8.000000	0.888889	0.010568	0.020888
minutes	4.000000	0.285714	0.005284	0.010376
pie	11.000000	0.846154	0.014531	0.028571
inn	14.000000	0.350000	0.018494	0.035132
penne	3.000000	1.000000	0.003963	0.007895
mushroom	5.000000	1.000000	0.006605	0.013123
incredible	6.000000	0.857143	0.007926	0.015707
40	2.000000	0.666667	0.002642	0.005263
shredded	3.000000	1.000000	0.003963	0.007895
priced	19.000000	0.791667	0.025099	0.048656
friends	2.000000	0.100000	0.002642	0.005148
using	3.000000	1.000000	0.003963	0.007895
portion	18.000000	1.000000	0.023778	0.046452
baked	2.000000	1.000000	0.002642	0.005270
