sleek	8.000000	1.000000	0.005450	0.010840
four	3.000000	0.600000	0.002044	0.004073
hate	8.000000	0.666667	0.005450	0.010811
worth	30.000000	0.937500	0.020436	0.040000
everi	16.000000	0.761905	0.010899	0.021491
dell	15.000000	0.625000	0.010218	0.020107
jack	2.000000	0.666667	0.001362	0.002719
appar	3.000000	0.750000	0.002044	0.004076
poorli	2.000000	0.666667	0.001362	0.002719
school	12.000000	0.857143	0.008174	0.016194
enjoy	7.000000	0.777778	0.004768	0.009479
bloatwar	3.000000	1.000000	0.002044	0.004079
second	9.000000	0.818182	0.006131	0.012170
even	31.000000	0.607843	0.021117	0.040816
neg	3.000000	1.000000	0.002044	0.004079
new	25.000000	0.714286	0.017030	0.033267
ever	29.000000	0.805556	0.019755	0.038564
never	26.000000	0.742857	0.017711	0.034597
met	4.000000	1.000000	0.002725	0.005435
100	4.000000	1.000000	0.002725	0.005435
pleasur	2.000000	0.666667	0.001362	0.002719
i'v	26.000000	0.666667	0.017711	0.034506
daughter	5.000000	1.000000	0.003406	0.006789
anymor	2.000000	1.000000	0.001362	0.002721
everyon	4.000000	1.000000	0.002725	0.005435
i'd	4.000000	0.571429	0.002725	0.005424
i'm	39.000000	0.795918	0.026567	0.051417
fell	2.000000	1.000000	0.001362	0.002721
portabl	15.000000	0.937500	0.010218	0.020216
total	4.000000	0.666667	0.002725	0.005427
unit	3.000000	0.750000	0.002044	0.004076
highli	17.000000	1.000000	0.011580	0.022896
would	87.000000	0.783784	0.059264	0.110196
call	6.000000	0.230769	0.004087	0.008032
recommend	50.000000	0.980392	0.034060	0.065833
type	7.000000	0.437500	0.004768	0.009434
tell	9.000000	0.692308	0.006131	0.012154
phone	3.000000	0.272727	0.002044	0.004057
warm	2.000000	1.000000	0.001362	0.002721
thinkpad	3.000000	1.000000	0.002044	0.004079
word	6.000000	0.666667	0.004087	0.008125
room	2.000000	0.666667	0.001362	0.002719
setup	4.000000	1.000000	0.002725	0.005435
work	83.000000	0.628788	0.056540	0.103750
spec	2.000000	1.000000	0.001362	0.002721
wors	2.000000	0.666667	0.001362	0.002719
ms	3.000000	1.000000	0.002044	0.004079
could	13.000000	0.433333	0.008856	0.017356
give	15.000000	0.750000	0.010218	0.020161
want	32.000000	0.800000	0.021798	0.042440
keep	9.000000	0.642857	0.006131	0.012146
end	2.000000	0.666667	0.001362	0.002719
ilif	4.000000	0.800000	0.002725	0.005431
turn	11.000000	0.578947	0.007493	0.014795
travel	10.000000	1.000000	0.006812	0.013532
hot	9.000000	0.818182	0.006131	0.012170
recoveri	2.000000	1.000000	0.001362	0.002721
disappoint	16.000000	0.842105	0.010899	0.021520
lag	3.000000	1.000000	0.002044	0.004079
wrong	2.000000	0.500000	0.001362	0.002717
beauti	9.000000	0.692308	0.006131	0.012154
lap	9.000000	0.900000	0.006131	0.012179
averag	5.000000	0.625000	0.003406	0.006775
imposs	3.000000	0.750000	0.002044	0.004076
receiv	4.000000	0.571429	0.002725	0.005424
order	3.000000	0.428571	0.002044	0.004068
despit	2.000000	1.000000	0.001362	0.002721
fit	14.000000	1.000000	0.009537	0.018893
backpack	2.000000	1.000000	0.001362	0.002721
better	20.000000	0.769231	0.013624	0.026774
offic	11.000000	0.733333	0.007493	0.014835
easier	5.000000	0.714286	0.003406	0.006780
8gb	2.000000	1.000000	0.001362	0.002721
break	4.000000	0.800000	0.002725	0.005431
choic	2.000000	0.666667	0.001362	0.002719
bonu	2.000000	1.000000	0.001362	0.002721
went	5.000000	0.294118	0.003406	0.006734
side	5.000000	0.454545	0.003406	0.006761
mean	2.000000	0.666667	0.001362	0.002719
network	9.000000	0.900000	0.006131	0.012179
goe	3.000000	0.428571	0.002044	0.004068
adapt	3.000000	0.600000	0.002044	0.004073
got	24.000000	0.685714	0.016349	0.031936
navig	5.000000	0.714286	0.003406	0.006780
free	4.000000	0.571429	0.002725	0.005424
standard	4.000000	0.800000	0.002725	0.005431
z0j80001	2.000000	1.000000	0.001362	0.002721
optic	3.000000	1.000000	0.002044	0.004079
heck	2.000000	0.666667	0.001362	0.002719
unabl	4.000000	1.000000	0.002725	0.005435
rang	2.000000	1.000000	0.001362	0.002721
wast	5.000000	1.000000	0.003406	0.006789
hook	5.000000	0.833333	0.003406	0.006784
instruct	2.000000	0.666667	0.001362	0.002719
alreadi	10.000000	0.909091	0.006812	0.013523
fantast	6.000000	0.750000	0.004087	0.008130
top	14.000000	0.700000	0.009537	0.018817
sometim	4.000000	0.400000	0.002725	0.005413
ton	2.000000	1.000000	0.001362	0.002721
listen	3.000000	0.600000	0.002044	0.004073
took	11.000000	0.647059	0.007493	0.014815
somewhat	3.000000	1.000000	0.002044	0.004079
lenovo	7.000000	0.777778	0.004768	0.009479
provid	2.000000	0.666667	0.001362	0.002719
hors	2.000000	1.000000	0.001362	0.002721
matter	2.000000	0.250000	0.001362	0.002710
minut	8.000000	0.666667	0.005450	0.010811
mini	2.000000	1.000000	0.001362	0.002721
ran	2.000000	1.000000	0.001362	0.002721
ram	9.000000	0.750000	0.006131	0.012162
mine	5.000000	0.833333	0.003406	0.006784
seem	11.000000	0.523810	0.007493	0.014775
strength	2.000000	1.000000	0.001362	0.002721
terrif	3.000000	0.750000	0.002044	0.004076
that	5.000000	0.714286	0.003406	0.006780
clunki	2.000000	0.666667	0.001362	0.002719
blue	4.000000	0.666667	0.002725	0.005427
plenti	4.000000	0.500000	0.002725	0.005420
though	9.000000	0.409091	0.006131	0.012081
addict	2.000000	0.666667	0.001362	0.002719
macbook	47.000000	0.979167	0.032016	0.062005
webcam	5.000000	0.714286	0.003406	0.006780
tech	5.000000	0.454545	0.003406	0.006761
came	8.000000	0.800000	0.005450	0.010825
cheapli	3.000000	1.000000	0.002044	0.004079
nephew	2.000000	1.000000	0.001362	0.002721
absolut	9.000000	0.818182	0.006131	0.012170
busi	6.000000	1.000000	0.004087	0.008141
wide	2.000000	0.666667	0.001362	0.002719
stop	6.000000	0.500000	0.004087	0.008108
amazon	2.000000	1.000000	0.001362	0.002721
report	3.000000	1.000000	0.002044	0.004079
bar	2.000000	0.400000	0.001362	0.002716
excel	17.000000	0.708333	0.011580	0.022788
bag	4.000000	1.000000	0.002725	0.005435
bad	18.000000	0.620690	0.012262	0.024048
respons	3.000000	0.600000	0.002044	0.004073
fail	2.000000	0.250000	0.001362	0.002710
best	23.000000	0.793103	0.015668	0.030728
awar	2.000000	0.666667	0.001362	0.002719
said	5.000000	0.454545	0.003406	0.006761
away	5.000000	0.555556	0.003406	0.006770
outstand	4.000000	1.000000	0.002725	0.005435
finger	2.000000	0.400000	0.001362	0.002716
reccomend	5.000000	1.000000	0.003406	0.006789
extend	3.000000	0.375000	0.002044	0.004065
weak	2.000000	0.666667	0.001362	0.002719
wi	2.000000	1.000000	0.001362	0.002721
wear	3.000000	0.600000	0.002044	0.004073
advertis	5.000000	1.000000	0.003406	0.006789
fault	2.000000	0.666667	0.001362	0.002719
howev	6.000000	0.600000	0.004087	0.008119
gamer	3.000000	0.750000	0.002044	0.004076
garageband	3.000000	0.750000	0.002044	0.004076
browser	2.000000	0.666667	0.001362	0.002719
con	2.000000	0.400000	0.001362	0.002716
2nd	2.000000	1.000000	0.001362	0.002721
250	3.000000	0.750000	0.002044	0.004076
speak	3.000000	0.600000	0.002044	0.004073
2200	2.000000	1.000000	0.001362	0.002721
three	6.000000	0.428571	0.004087	0.008097
much	30.000000	0.731707	0.020436	0.039761
interest	3.000000	0.750000	0.002044	0.004076
basic	13.000000	0.928571	0.008856	0.017544
quickli	3.000000	0.333333	0.002044	0.004062
life	33.000000	0.550000	0.022480	0.043194
recomend	3.000000	0.750000	0.002044	0.004076
servic	9.000000	0.450000	0.006131	0.012097
air	2.000000	0.666667	0.001362	0.002719
player	4.000000	1.000000	0.002725	0.005435
cant	4.000000	0.666667	0.002725	0.005427
im	5.000000	1.000000	0.003406	0.006789
sever	6.000000	0.666667	0.004087	0.008125
perform	28.000000	0.965517	0.019074	0.037408
suggest	2.000000	0.500000	0.001362	0.002717
make	39.000000	0.735849	0.026567	0.051282
drawback	4.000000	0.666667	0.002725	0.005427
complet	11.000000	0.785714	0.007493	0.014845
recharg	2.000000	1.000000	0.001362	0.002721
i7	5.000000	1.000000	0.003406	0.006789
hand	5.000000	0.714286	0.003406	0.006780
fairli	2.000000	0.666667	0.001362	0.002719
studi	2.000000	1.000000	0.001362	0.002721
kid	3.000000	0.600000	0.002044	0.004073
bewar	2.000000	0.666667	0.001362	0.002719
everyth	45.000000	0.937500	0.030654	0.059367
mic	2.000000	1.000000	0.001362	0.002721
left	4.000000	0.400000	0.002725	0.005413
laptop	223.000000	0.857692	0.151907	0.258102
yet	6.000000	0.666667	0.004087	0.008125
easi	58.000000	0.906250	0.039510	0.075718
ideal	3.000000	1.000000	0.002044	0.004079
board	2.000000	0.500000	0.001362	0.002717
els	4.000000	0.400000	0.002725	0.005413
save	10.000000	0.714286	0.006812	0.013495
gave	3.000000	0.500000	0.002044	0.004071
applic	4.000000	0.500000	0.002725	0.005420
mayb	6.000000	0.750000	0.004087	0.008130
apart	3.000000	0.750000	0.002044	0.004076
gift	4.000000	0.800000	0.002725	0.005431
specif	2.000000	0.500000	0.001362	0.002717
night	2.000000	0.666667	0.001362	0.002719
right	14.000000	0.636364	0.009537	0.018792
old	7.000000	0.777778	0.004768	0.009479
deal	7.000000	0.500000	0.004768	0.009447
intern	2.000000	1.000000	0.001362	0.002721
sure	3.000000	0.600000	0.002044	0.004073
bottom	3.000000	0.600000	0.002044	0.004073
cord	3.000000	0.428571	0.002044	0.004068
core	2.000000	1.000000	0.001362	0.002721
plu	4.000000	0.571429	0.002725	0.005424
burn	3.000000	0.600000	0.002044	0.004073
burner	3.000000	0.750000	0.002044	0.004076
colleg	14.000000	1.000000	0.009537	0.018893
super	13.000000	0.928571	0.008856	0.017544
plug	8.000000	0.615385	0.005450	0.010804
unibodi	2.000000	1.000000	0.001362	0.002721
o	3.000000	1.000000	0.002044	0.004079
produc	2.000000	1.000000	0.001362	0.002721
froze	2.000000	1.000000	0.001362	0.002721
profession	3.000000	0.750000	0.002044	0.004076
storag	2.000000	0.500000	0.001362	0.002717
frustrat	4.000000	0.666667	0.002725	0.005427
support	3.000000	0.166667	0.002044	0.004038
happi	30.000000	0.937500	0.020436	0.040000
stuck	5.000000	0.833333	0.003406	0.006784
way	15.000000	0.500000	0.010218	0.020027
music	6.000000	0.545455	0.004087	0.008114
constantli	5.000000	0.833333	0.003406	0.006784
headach	3.000000	1.000000	0.002044	0.004079
medium	2.000000	0.666667	0.001362	0.002719
form	2.000000	1.000000	0.001362	0.002721
offer	7.000000	0.636364	0.004768	0.009466
forc	3.000000	0.600000	0.002044	0.004073
wireless	5.000000	0.833333	0.003406	0.006784
heat	5.000000	1.000000	0.003406	0.006789
true	2.000000	0.666667	0.001362	0.002719
pavilion	2.000000	1.000000	0.001362	0.002721
crystal	2.000000	0.400000	0.001362	0.002716
later	2.000000	0.153846	0.001362	0.002701
exist	3.000000	1.000000	0.002044	0.004079
ship	4.000000	0.250000	0.002725	0.005391
mousepad	2.000000	0.500000	0.001362	0.002717
check	7.000000	0.875000	0.004768	0.009485
vista	2.000000	0.500000	0.001362	0.002717
consid	3.000000	0.500000	0.002044	0.004071
longer	3.000000	0.500000	0.002044	0.004071
inexpens	2.000000	1.000000	0.001362	0.002721
time	42.000000	0.567568	0.028610	0.054475
daili	5.000000	1.000000	0.003406	0.006789
1200bk	2.000000	1.000000	0.001362	0.002721
seriou	2.000000	1.000000	0.001362	0.002721
decid	4.000000	0.800000	0.002725	0.005431
hold	2.000000	0.500000	0.001362	0.002717
0	4.000000	0.800000	0.002725	0.005431
decis	3.000000	1.000000	0.002044	0.004079
brows	9.000000	0.818182	0.006131	0.012170
cool	5.000000	0.625000	0.003406	0.006775
die	4.000000	0.500000	0.002725	0.005420
item	3.000000	0.750000	0.002044	0.004076
quick	9.000000	0.750000	0.006131	0.012162
droid	2.000000	1.000000	0.001362	0.002721
regret	7.000000	0.875000	0.004768	0.009485
cost	7.000000	0.538462	0.004768	0.009453
port	15.000000	1.000000	0.010218	0.020229
headset	2.000000	1.000000	0.001362	0.002721
current	4.000000	0.800000	0.002725	0.005431
slower	2.000000	1.000000	0.001362	0.002721
gener	6.000000	0.857143	0.004087	0.008136
satisfi	17.000000	1.000000	0.011580	0.022896
wait	8.000000	0.571429	0.005450	0.010796
box	11.000000	0.846154	0.007493	0.014855
buck	2.000000	1.000000	0.001362	0.002721
trial	3.000000	0.600000	0.002044	0.004073
extrem	9.000000	1.000000	0.006131	0.012187
weird	2.000000	1.000000	0.001362	0.002721
love	89.000000	0.890000	0.060627	0.113520
extra	11.000000	0.846154	0.007493	0.014855
instal	13.000000	0.812500	0.008856	0.017520
mobil	2.000000	1.000000	0.001362	0.002721
market	4.000000	1.000000	0.002725	0.005435
memori	6.000000	0.600000	0.004087	0.008119
live	3.000000	0.750000	0.002044	0.004076
criteria	2.000000	1.000000	0.001362	0.002721
afford	4.000000	0.800000	0.002725	0.005431
peopl	7.000000	0.583333	0.004768	0.009459
graphic	13.000000	0.520000	0.008856	0.017415
fli	2.000000	1.000000	0.001362	0.002721
respond	2.000000	1.000000	0.001362	0.002721
whatev	4.000000	1.000000	0.002725	0.005435
cam	2.000000	1.000000	0.001362	0.002721
purpos	4.000000	0.666667	0.002725	0.005427
fabul	2.000000	1.000000	0.001362	0.002721
stream	3.000000	1.000000	0.002044	0.004079
shini	2.000000	1.000000	0.001362	0.002721
didn't	9.000000	0.529412	0.006131	0.012121
1	13.000000	0.481481	0.008856	0.017391
alway	13.000000	0.684211	0.008856	0.017485
anyon	17.000000	0.809524	0.011580	0.022834
product	59.000000	0.867647	0.040191	0.076823
may	6.000000	0.666667	0.004087	0.008125
mac	38.000000	0.791667	0.025886	0.050132
favorit	2.000000	1.000000	0.001362	0.002721
inform	3.000000	0.750000	0.002044	0.004076
switch	7.000000	0.777778	0.004768	0.009479
combin	2.000000	0.666667	0.001362	0.002719
talk	2.000000	0.666667	0.001362	0.002719
sd	2.000000	1.000000	0.001362	0.002721
refund	3.000000	0.750000	0.002044	0.004076
equip	5.000000	1.000000	0.003406	0.006789
still	23.000000	0.534884	0.015668	0.030443
monitor	5.000000	0.833333	0.003406	0.006784
window	23.000000	0.479167	0.015668	0.030343
mail	4.000000	0.571429	0.002725	0.005424
initi	2.000000	1.000000	0.001362	0.002721
safari	2.000000	0.666667	0.001362	0.002719
wont	3.000000	0.750000	0.002044	0.004076
term	4.000000	1.000000	0.002725	0.005435
rock	2.000000	0.666667	0.001362	0.002719
updat	5.000000	0.833333	0.003406	0.006784
replac	11.000000	0.407407	0.007493	0.014716
year	28.000000	0.756757	0.019074	0.037209
space	4.000000	0.571429	0.002725	0.005424
internet	24.000000	0.923077	0.016349	0.032129
card	8.000000	0.666667	0.005450	0.010811
care	5.000000	0.625000	0.003406	0.006775
refus	2.000000	0.666667	0.001362	0.002719
thing	40.000000	0.666667	0.027248	0.052356
place	5.000000	0.833333	0.003406	0.006784
think	12.000000	0.750000	0.008174	0.016173
first	18.000000	0.514286	0.012262	0.023952
oper	11.000000	0.647059	0.007493	0.014815
carri	12.000000	1.000000	0.008174	0.016216
one	73.000000	0.752577	0.049728	0.093291
long	19.000000	0.575758	0.012943	0.025316
open	15.000000	0.714286	0.010218	0.020148
size	23.000000	0.718750	0.015668	0.030667
given	4.000000	0.571429	0.002725	0.005424
plastic	7.000000	1.000000	0.004768	0.009492
2	15.000000	0.384615	0.010218	0.019907
conveni	2.000000	1.000000	0.001362	0.002721
friend	11.000000	0.846154	0.007493	0.014855
especi	3.000000	0.600000	0.002044	0.004073
mostli	2.000000	1.000000	0.001362	0.002721
serv	4.000000	1.000000	0.002725	0.005435
10	5.000000	0.333333	0.003406	0.006743
13	7.000000	1.000000	0.004768	0.009492
15	10.000000	0.909091	0.006812	0.013523
17	3.000000	0.750000	0.002044	0.004076
16	2.000000	0.666667	0.001362	0.002719
18	3.000000	1.000000	0.002044	0.004079
pro	37.000000	0.902439	0.025204	0.049039
anywher	5.000000	0.714286	0.003406	0.006780
say	21.000000	0.700000	0.014305	0.028037
deliv	3.000000	1.000000	0.002044	0.004079
satellit	5.000000	1.000000	0.003406	0.006789
take	27.000000	0.627907	0.018392	0.035738
concern	3.000000	0.750000	0.002044	0.004076
noth	9.000000	0.562500	0.006131	0.012129
surf	3.000000	0.750000	0.002044	0.004076
begin	2.000000	0.500000	0.001362	0.002717
printer	8.000000	0.888889	0.005450	0.010833
normal	2.000000	0.400000	0.001362	0.002716
price	69.000000	0.985714	0.047003	0.089727
paid	4.000000	0.571429	0.002725	0.005424
ethernet	6.000000	1.000000	0.004087	0.008141
pair	2.000000	0.666667	0.001362	0.002719
drive	24.000000	0.615385	0.016349	0.031851
flawlessli	4.000000	0.666667	0.002725	0.005427
shop	4.000000	0.666667	0.002725	0.005427
show	3.000000	0.500000	0.002044	0.004071
cheap	15.000000	1.000000	0.010218	0.020229
hack	2.000000	1.000000	0.001362	0.002721
slot	2.000000	1.000000	0.001362	0.002721
itun	3.000000	0.750000	0.002044	0.004076
slow	35.000000	0.972222	0.023842	0.046543
3	19.000000	0.678571	0.012943	0.025401
black	6.000000	0.857143	0.004087	0.008136
nearli	3.000000	0.600000	0.002044	0.004073
variou	3.000000	0.750000	0.002044	0.004076
get	74.000000	0.632479	0.050409	0.093375
cannot	5.000000	0.833333	0.003406	0.006784
outlet	2.000000	1.000000	0.001362	0.002721
requir	9.000000	0.818182	0.006131	0.012170
truli	3.000000	0.750000	0.002044	0.004076
headphon	2.000000	0.500000	0.001362	0.002717
summari	2.000000	0.400000	0.001362	0.002716
keyboard	12.000000	0.240000	0.008174	0.015810
wonder	16.000000	0.842105	0.010899	0.021520
review	3.000000	0.750000	0.002044	0.004076
enough	24.000000	0.888889	0.016349	0.032107
parent	5.000000	1.000000	0.003406	0.006789
screen	43.000000	0.494253	0.029292	0.055305
come	22.000000	0.709677	0.014986	0.029353
quiet	6.000000	0.750000	0.004087	0.008130
tutori	4.000000	1.000000	0.002725	0.005435
fix	7.000000	0.291667	0.004768	0.009383
can't	23.000000	0.851852	0.015668	0.030769
color	4.000000	0.500000	0.002725	0.005420
period	2.000000	0.500000	0.001362	0.002717
featur	30.000000	0.833333	0.020436	0.039894
couldn't	5.000000	0.833333	0.003406	0.006784
freak	2.000000	0.400000	0.001362	0.002716
coupl	4.000000	0.571429	0.002725	0.005424
resolut	2.000000	0.250000	0.001362	0.002710
case	7.000000	1.000000	0.004768	0.009492
worri	4.000000	0.666667	0.002725	0.005427
everyday	6.000000	1.000000	0.004087	0.008141
media	5.000000	0.833333	0.003406	0.006784
trip	4.000000	1.000000	0.002725	0.005435
pad	3.000000	0.130435	0.002044	0.004024
document	2.000000	0.400000	0.001362	0.002716
week	10.000000	0.454545	0.006812	0.013423
driver	2.000000	0.666667	0.001362	0.002719
someon	7.000000	0.875000	0.004768	0.009485
capabl	4.000000	0.800000	0.002725	0.005431
mani	10.000000	0.714286	0.006812	0.013495
extern	5.000000	0.555556	0.003406	0.006770
charger	2.000000	0.333333	0.001362	0.002714
without	12.000000	0.705882	0.008174	0.016162
model	7.000000	0.777778	0.004768	0.009479
money	33.000000	0.825000	0.022480	0.043767
rest	2.000000	1.000000	0.001362	0.002721
touch	5.000000	0.250000	0.003406	0.006720
speed	24.000000	0.960000	0.016349	0.032150
except	3.000000	0.500000	0.002044	0.004071
littl	29.000000	0.659091	0.019755	0.038360
desktop	10.000000	0.909091	0.006812	0.013523
hing	2.000000	1.000000	0.001362	0.002721
4	9.000000	0.428571	0.006131	0.012089
around	10.000000	0.714286	0.006812	0.013495
read	3.000000	0.750000	0.002044	0.004076
world	5.000000	0.714286	0.003406	0.006780
cd	10.000000	0.833333	0.006812	0.013514
benefit	4.000000	1.000000	0.002725	0.005435
either	4.000000	0.800000	0.002725	0.005431
manag	2.000000	0.333333	0.001362	0.002714
cabl	5.000000	1.000000	0.003406	0.006789
freez	7.000000	0.636364	0.004768	0.009466
definit	18.000000	1.000000	0.012262	0.024226
complic	2.000000	1.000000	0.001362	0.002721
power	21.000000	0.636364	0.014305	0.027981
fulli	2.000000	1.000000	0.001362	0.002721
throw	4.000000	1.000000	0.002725	0.005435
ok	6.000000	1.000000	0.004087	0.008141
oh	3.000000	0.500000	0.002044	0.004071
stand	2.000000	0.500000	0.001362	0.002717
os	8.000000	0.470588	0.005450	0.010774
processor	8.000000	0.500000	0.005450	0.010782
effici	3.000000	1.000000	0.002044	0.004079
anybodi	3.000000	1.000000	0.002044	0.004079
area	3.000000	0.750000	0.002044	0.004076
ergonom	2.000000	1.000000	0.001362	0.002721
start	18.000000	0.666667	0.012262	0.024080
interfac	4.000000	0.800000	0.002725	0.005431
low	4.000000	0.800000	0.002725	0.005431
lot	12.000000	0.666667	0.008174	0.016151
happier	2.000000	1.000000	0.001362	0.002721
connect	23.000000	0.958333	0.015668	0.030831
ad	5.000000	0.714286	0.003406	0.006780
certain	4.000000	0.800000	0.002725	0.005431
aw	6.000000	0.857143	0.004087	0.008136
acer	6.000000	0.600000	0.004087	0.008119
field	2.000000	1.000000	0.001362	0.002721
5	16.000000	0.615385	0.010899	0.021419
poor	6.000000	0.857143	0.004087	0.008136
wife	3.000000	0.750000	0.002044	0.004076
invest	7.000000	0.875000	0.004768	0.009485
alright	2.000000	1.000000	0.001362	0.002721
lack	4.000000	0.800000	0.002725	0.005431
dollar	4.000000	1.000000	0.002725	0.005435
month	27.000000	0.442623	0.018392	0.035317
disc	2.000000	0.666667	0.001362	0.002719
disk	4.000000	0.800000	0.002725	0.005431
tv	2.000000	0.666667	0.001362	0.002719
program	19.000000	0.633333	0.012943	0.025367
sound	7.000000	0.333333	0.004768	0.009402
liter	2.000000	0.666667	0.001362	0.002719
premium	4.000000	1.000000	0.002725	0.005435
far	25.000000	0.925926	0.017030	0.033445
worst	8.000000	0.666667	0.005450	0.010811
fall	3.000000	0.750000	0.002044	0.004076
small	15.000000	0.750000	0.010218	0.020161
i'll	2.000000	0.500000	0.001362	0.002717
past	6.000000	0.750000	0.004087	0.008130
rate	3.000000	1.000000	0.002044	0.004079
design	21.000000	0.913043	0.014305	0.028169
excit	2.000000	1.000000	0.001362	0.002721
abl	14.000000	0.700000	0.009537	0.018817
full	8.000000	0.470588	0.005450	0.010774
strong	4.000000	1.000000	0.002725	0.005435
valu	14.000000	1.000000	0.009537	0.018893
search	2.000000	0.666667	0.001362	0.002719
amount	3.000000	0.750000	0.002044	0.004076
pick	4.000000	0.800000	0.002725	0.005431
action	2.000000	1.000000	0.001362	0.002721
via	2.000000	0.666667	0.001362	0.002719
transit	2.000000	1.000000	0.001362	0.002721
put	6.000000	0.545455	0.004087	0.008114
famili	3.000000	1.000000	0.002044	0.004079
eye	4.000000	1.000000	0.002725	0.005435
two	10.000000	0.476190	0.006812	0.013432
almost	13.000000	0.928571	0.008856	0.017544
morn	2.000000	1.000000	0.001362	0.002721
6	5.000000	0.555556	0.003406	0.006770
taken	2.000000	1.000000	0.001362	0.002721
imovi	2.000000	0.500000	0.001362	0.002717
door	2.000000	1.000000	0.001362	0.002721
hundr	2.000000	1.000000	0.001362	0.002721
compani	3.000000	0.230769	0.002044	0.004051
glad	11.000000	1.000000	0.007493	0.014875
hour	8.000000	0.258065	0.005450	0.010674
hous	2.000000	0.666667	0.001362	0.002719
learn	12.000000	0.705882	0.008174	0.016162
scan	2.000000	0.666667	0.001362	0.002719
sharp	3.000000	0.750000	0.002044	0.004076
huge	2.000000	0.500000	0.001362	0.002717
cours	6.000000	0.857143	0.004087	0.008136
secur	4.000000	0.666667	0.002725	0.005427
rather	7.000000	0.538462	0.004768	0.009453
anoth	23.000000	0.696970	0.015668	0.030646
simpl	9.000000	0.900000	0.006131	0.012179
fi	3.000000	1.000000	0.002044	0.004079
short	6.000000	0.600000	0.004087	0.008119
caus	2.000000	0.500000	0.001362	0.002717
pay	13.000000	0.684211	0.008856	0.017485
facebook	3.000000	0.600000	0.002044	0.004073
help	12.000000	0.500000	0.008174	0.016086
don't	34.000000	0.653846	0.023161	0.044737
held	3.000000	0.600000	0.002044	0.004073
paper	3.000000	1.000000	0.002044	0.004079
20	4.000000	0.800000	0.002725	0.005431
late	2.000000	0.666667	0.001362	0.002719
might	9.000000	0.692308	0.006131	0.012154
haven't	5.000000	0.833333	0.003406	0.006784
good	72.000000	0.782609	0.049046	0.092308
return	16.000000	0.695652	0.010899	0.021462
it'	72.000000	0.827586	0.049046	0.092605
ye	4.000000	0.800000	0.002725	0.005431
complain	6.000000	0.857143	0.004087	0.008136
bigger	3.000000	0.750000	0.002044	0.004076
easili	13.000000	0.684211	0.008856	0.017485
found	4.000000	0.666667	0.002725	0.005427
isn't	6.000000	0.600000	0.004087	0.008119
weight	15.000000	1.000000	0.010218	0.020229
needless	2.000000	0.666667	0.001362	0.002719
hard	17.000000	0.485714	0.011580	0.022621
idea	2.000000	1.000000	0.001362	0.002721
realli	45.000000	0.833333	0.030654	0.059133
heavi	7.000000	0.875000	0.004768	0.009485
expect	25.000000	0.833333	0.017030	0.033378
research	3.000000	0.600000	0.002044	0.004073
7	13.000000	0.500000	0.008856	0.017403
print	2.000000	0.666667	0.001362	0.002719
gorgeou	3.000000	1.000000	0.002044	0.004079
advanc	4.000000	1.000000	0.002725	0.005435
esay	2.000000	1.000000	0.001362	0.002721
iphoto	3.000000	0.375000	0.002044	0.004065
reason	7.000000	0.777778	0.004768	0.009479
believ	7.000000	0.875000	0.004768	0.009485
ask	4.000000	0.444444	0.002725	0.005416
teach	2.000000	1.000000	0.001362	0.002721
warrenti	2.000000	0.250000	0.001362	0.002710
w	5.000000	1.000000	0.003406	0.006789
major	3.000000	0.600000	0.002044	0.004073
dont	5.000000	0.625000	0.003406	0.006775
feel	18.000000	0.818182	0.012262	0.024161
exchang	2.000000	1.000000	0.001362	0.002721
done	7.000000	0.538462	0.004768	0.009453
construct	2.000000	1.000000	0.001362	0.002721
horribl	4.000000	0.444444	0.002725	0.005416
differ	5.000000	0.333333	0.003406	0.006743
least	4.000000	0.800000	0.002725	0.005431
twenti	2.000000	0.666667	0.001362	0.002719
store	6.000000	0.750000	0.004087	0.008130
option	4.000000	1.000000	0.002725	0.005435
60	3.000000	0.600000	0.002044	0.004073
part	8.000000	0.615385	0.005450	0.010804
reinstal	2.000000	0.666667	0.001362	0.002719
kind	5.000000	0.833333	0.003406	0.006784
gotten	3.000000	1.000000	0.002044	0.004079
remov	4.000000	1.000000	0.002725	0.005435
comput	181.000000	0.800885	0.123297	0.213695
defect	3.000000	0.428571	0.002044	0.004068
imagin	3.000000	1.000000	0.002044	0.004079
built	9.000000	0.750000	0.006131	0.012162
zero	3.000000	0.750000	0.002044	0.004076
self	2.000000	1.000000	0.001362	0.002721
also	36.000000	0.631579	0.024523	0.047213
useless	3.000000	0.750000	0.002044	0.004076
play	21.000000	0.840000	0.014305	0.028131
reach	2.000000	1.000000	0.001362	0.002721
virus	8.000000	1.000000	0.005450	0.010840
charg	4.000000	0.235294	0.002725	0.005387
amaz	25.000000	0.892857	0.017030	0.033422
clear	5.000000	0.333333	0.003406	0.006743
cover	2.000000	0.400000	0.001362	0.002716
clean	4.000000	0.800000	0.002725	0.005431
sturdi	6.000000	0.857143	0.004087	0.008136
microsoft	4.000000	0.666667	0.002725	0.005427
awesom	16.000000	0.761905	0.010899	0.021491
ridicul	2.000000	0.500000	0.001362	0.002717
fine	15.000000	0.882353	0.010218	0.020202
find	10.000000	0.526316	0.006812	0.013450
pretti	11.000000	0.846154	0.007493	0.014855
8	11.000000	0.478261	0.007493	0.014755
hit	2.000000	1.000000	0.001362	0.002721
unus	2.000000	0.666667	0.001362	0.002719
financ	2.000000	1.000000	0.001362	0.002721
restart	6.000000	0.857143	0.004087	0.008136
x	2.000000	0.400000	0.001362	0.002716
set	16.000000	0.761905	0.010899	0.021491
art	2.000000	1.000000	0.001362	0.002721
see	8.000000	0.500000	0.005450	0.010782
bare	5.000000	0.833333	0.003406	0.006784
close	4.000000	0.800000	0.002725	0.005431
someth	12.000000	0.600000	0.008174	0.016129
experi	6.000000	0.545455	0.004087	0.008114
appreci	4.000000	1.000000	0.002725	0.005435
last	13.000000	0.541667	0.008856	0.017426
wouldn't	3.000000	0.600000	0.002044	0.004073
alot	3.000000	0.600000	0.002044	0.004073
protector	2.000000	0.666667	0.001362	0.002719
whole	4.000000	0.666667	0.002725	0.005427
load	11.000000	0.647059	0.007493	0.014815
simpli	6.000000	0.750000	0.004087	0.008130
point	6.000000	0.857143	0.004087	0.008136
batteri	33.000000	0.383721	0.022480	0.042471
mistak	2.000000	1.000000	0.001362	0.002721
devic	8.000000	1.000000	0.005450	0.010840
due	4.000000	0.571429	0.002725	0.005424
pc	20.000000	0.769231	0.013624	0.026774
damn	3.000000	1.000000	0.002044	0.004079
pile	2.000000	1.000000	0.001362	0.002721
modern	2.000000	1.000000	0.001362	0.002721
fire	3.000000	0.750000	0.002044	0.004076
great	138.000000	0.826347	0.094005	0.168807
pricey	3.000000	1.000000	0.002044	0.004079
understand	4.000000	0.444444	0.002725	0.005416
look	45.000000	0.865385	0.030654	0.059211
solid	6.000000	0.750000	0.004087	0.008130
bill	3.000000	1.000000	0.002044	0.004079
budget	3.000000	1.000000	0.002044	0.004079
error	4.000000	0.666667	0.002725	0.005427
fun	3.000000	0.600000	0.002044	0.004073
loos	2.000000	0.500000	0.001362	0.002717
pack	2.000000	1.000000	0.001362	0.002721
real	2.000000	0.500000	0.001362	0.002717
technolog	3.000000	1.000000	0.002044	0.004079
skype	2.000000	0.400000	0.001362	0.002716
higher	2.000000	0.666667	0.001362	0.002719
moment	2.000000	1.000000	0.001362	0.002721
walmart	2.000000	0.666667	0.001362	0.002719
user	10.000000	0.588235	0.006812	0.013468
touchpad	2.000000	0.153846	0.001362	0.002701
task	2.000000	1.000000	0.001362	0.002721
savvi	2.000000	1.000000	0.001362	0.002721
spent	6.000000	0.666667	0.004087	0.008125
person	11.000000	0.785714	0.007493	0.014845
expens	5.000000	0.714286	0.003406	0.006780
spend	7.000000	0.700000	0.004768	0.009472
vga	2.000000	1.000000	0.001362	0.002721
regardless	2.000000	1.000000	0.001362	0.002721
cut	3.000000	0.750000	0.002044	0.004076
snap	2.000000	0.666667	0.001362	0.002719
approxim	2.000000	1.000000	0.001362	0.002721
build	8.000000	0.888889	0.005450	0.010833
complaint	7.000000	0.777778	0.004768	0.009479
big	9.000000	0.692308	0.006131	0.012154
intuit	2.000000	0.500000	0.001362	0.002717
game	34.000000	0.809524	0.023161	0.045033
bit	13.000000	0.619048	0.008856	0.017461
d	2.000000	1.000000	0.001362	0.002721
signal	2.000000	1.000000	0.001362	0.002721
stylish	4.000000	1.000000	0.002725	0.005435
encount	2.000000	1.000000	0.001362	0.002721
often	5.000000	1.000000	0.003406	0.006789
back	14.000000	0.466667	0.009537	0.018692
surpris	5.000000	1.000000	0.003406	0.006789
larg	5.000000	0.454545	0.003406	0.006761
machin	40.000000	0.909091	0.027248	0.052910
run	40.000000	0.816327	0.027248	0.052736
300	3.000000	1.000000	0.002044	0.004079
bu	2.000000	1.000000	0.001362	0.002721
usb	13.000000	1.000000	0.008856	0.017556
materi	2.000000	1.000000	0.001362	0.002721
block	2.000000	0.666667	0.001362	0.002719
repair	8.000000	0.444444	0.005450	0.010767
within	4.000000	0.444444	0.002725	0.005416
seamless	3.000000	1.000000	0.002044	0.004079
durabl	6.000000	0.857143	0.004087	0.008136
span	2.000000	0.666667	0.001362	0.002719
fast	57.000000	0.934426	0.038828	0.074559
custom	3.000000	0.272727	0.002044	0.004057
camera	5.000000	1.000000	0.003406	0.006789
includ	6.000000	0.750000	0.004087	0.008130
properli	3.000000	0.500000	0.002044	0.004071
newer	2.000000	0.666667	0.001362	0.002719
line	8.000000	0.800000	0.005450	0.010825
us	2.000000	0.666667	0.001362	0.002719
curv	3.000000	0.600000	0.002044	0.004073
doa	2.000000	1.000000	0.001362	0.002721
constant	3.000000	1.000000	0.002044	0.004079
home	11.000000	0.785714	0.007493	0.014845
lemon	4.000000	1.000000	0.002725	0.005435
transport	2.000000	1.000000	0.001362	0.002721
nice	25.000000	0.714286	0.017030	0.033267
ago	5.000000	0.454545	0.003406	0.006761
e	2.000000	1.000000	0.001362	0.002721
dvd	11.000000	0.916667	0.007493	0.014865
edg	4.000000	1.000000	0.002725	0.005435
gb	2.000000	0.666667	0.001362	0.002719
go	26.000000	0.684211	0.017711	0.034529
compact	4.000000	1.000000	0.002725	0.005435
elsewher	2.000000	1.000000	0.001362	0.002721
friendli	3.000000	0.500000	0.002044	0.004071
send	5.000000	0.263158	0.003406	0.006725
blaze	2.000000	1.000000	0.001362	0.002721
sens	3.000000	1.000000	0.002044	0.004079
mous	4.000000	0.153846	0.002725	0.005355
electron	3.000000	0.600000	0.002044	0.004073
volum	2.000000	0.400000	0.001362	0.002716
tri	18.000000	0.620690	0.012262	0.024048
button	3.000000	0.166667	0.002044	0.004038
pleas	9.000000	1.000000	0.006131	0.012187
you'd	2.000000	1.000000	0.001362	0.002721
you'r	10.000000	0.714286	0.006812	0.013495
video	14.000000	0.583333	0.009537	0.018767
download	6.000000	0.857143	0.004087	0.008136
compar	2.000000	1.000000	0.001362	0.002721
that'	8.000000	0.888889	0.005450	0.010833
access	4.000000	1.000000	0.002725	0.005435
flash	2.000000	0.666667	0.001362	0.002719
led	4.000000	0.666667	0.002725	0.005427
hdmi	3.000000	1.000000	0.002044	0.004079
leg	2.000000	1.000000	0.001362	0.002721
usag	2.000000	1.000000	0.001362	0.002721
bodi	2.000000	1.000000	0.001362	0.002721
let	9.000000	0.818182	0.006131	0.012170
becom	5.000000	1.000000	0.003406	0.006789
sinc	19.000000	0.633333	0.012943	0.025367
convert	2.000000	1.000000	0.001362	0.002721
30	5.000000	0.833333	0.003406	0.006784
i3531	2.000000	1.000000	0.001362	0.002721
opinion	4.000000	0.571429	0.002725	0.005424
chang	5.000000	0.500000	0.003406	0.006766
firefox	2.000000	0.500000	0.001362	0.002717
win	3.000000	1.000000	0.002044	0.004079
app	3.000000	0.750000	0.002044	0.004076
use	134.000000	0.712766	0.091281	0.161836
crap	7.000000	0.875000	0.004768	0.009485
commun	3.000000	1.000000	0.002044	0.004079
upgrad	10.000000	0.625000	0.006812	0.013477
next	7.000000	0.636364	0.004768	0.009466
websit	3.000000	0.600000	0.002044	0.004073
doubt	2.000000	1.000000	0.001362	0.002721
babi	2.000000	0.400000	0.001362	0.002716
impress	10.000000	0.909091	0.006812	0.013523
rare	4.000000	0.800000	0.002725	0.005431
starter	4.000000	0.444444	0.002725	0.005416
annoy	2.000000	0.500000	0.001362	0.002717
meet	7.000000	1.000000	0.004768	0.009492
process	9.000000	0.600000	0.006131	0.012138
lock	4.000000	1.000000	0.002725	0.005435
slim	2.000000	1.000000	0.001362	0.002721
high	10.000000	0.769231	0.006812	0.013504
tag	2.000000	1.000000	0.001362	0.002721
tab	3.000000	1.000000	0.002044	0.004079
onlin	7.000000	0.700000	0.004768	0.009472
sit	8.000000	0.666667	0.005450	0.010811
instead	4.000000	0.400000	0.002725	0.005413
watch	7.000000	0.538462	0.004768	0.009453
notebook	14.000000	0.875000	0.009537	0.018868
honestli	3.000000	1.000000	0.002044	0.004079
issu	11.000000	0.550000	0.007493	0.014785
allow	5.000000	0.500000	0.003406	0.006766
movi	6.000000	0.666667	0.004087	0.008125
move	3.000000	0.600000	0.002044	0.004073
won't	4.000000	0.363636	0.002725	0.005409
perfect	25.000000	0.892857	0.017030	0.033422
write	6.000000	0.857143	0.004087	0.008136
2014	2.000000	1.000000	0.001362	0.002721
crash	10.000000	0.769231	0.006812	0.013504
handl	6.000000	0.857143	0.004087	0.008136
overal	23.000000	0.958333	0.015668	0.030831
mention	4.000000	0.800000	0.002725	0.005431
fingerprint	3.000000	1.000000	0.002044	0.004079
front	4.000000	0.571429	0.002725	0.005424
day	24.000000	0.558140	0.016349	0.031767
anyth	6.000000	0.428571	0.004087	0.008097
edit	4.000000	0.500000	0.002725	0.005420
bluetooth	4.000000	1.000000	0.002725	0.005435
twice	3.000000	1.000000	0.002044	0.004079
reboot	2.000000	1.000000	0.001362	0.002721
rel	2.000000	0.666667	0.001362	0.002719
hardwar	3.000000	0.428571	0.002044	0.004068
shut	11.000000	1.000000	0.007493	0.014875
softwar	19.000000	0.633333	0.012943	0.025367
qualiti	38.000000	0.883721	0.025886	0.050298
suffic	2.000000	1.000000	0.001362	0.002721
doesn't	15.000000	0.681818	0.010218	0.020134
perfectli	5.000000	1.000000	0.003406	0.006789
system	12.000000	0.521739	0.008174	0.016097
final	6.000000	0.600000	0.004087	0.008119
biggest	3.000000	0.750000	0.002044	0.004076
exactli	6.000000	0.857143	0.004087	0.008136
light	38.000000	0.863636	0.025886	0.050265
sec	2.000000	1.000000	0.001362	0.002721
function	8.000000	0.615385	0.005450	0.010804
terribl	2.000000	0.500000	0.001362	0.002717
tabl	2.000000	1.000000	0.001362	0.002721
need	69.000000	0.851852	0.047003	0.089090
hp	10.000000	0.312500	0.006812	0.013333
singl	3.000000	0.750000	0.002044	0.004076
textur	2.000000	1.000000	0.001362	0.002721
camper	2.000000	1.000000	0.001362	0.002721
class	4.000000	0.800000	0.002725	0.005431
you'll	2.000000	0.666667	0.001362	0.002719
labtop	2.000000	0.666667	0.001362	0.002719
occasion	3.000000	1.000000	0.002044	0.004079
fact	12.000000	0.857143	0.008174	0.016194
anyway	3.000000	0.600000	0.002044	0.004073
nois	3.000000	0.750000	0.002044	0.004076
winner	2.000000	1.000000	0.001362	0.002721
forev	3.000000	1.000000	0.002044	0.004079
manufactur	3.000000	0.750000	0.002044	0.004076
hope	3.000000	0.600000	0.002044	0.004073
beat	3.000000	1.000000	0.002044	0.004079
bluray	2.000000	1.000000	0.001362	0.002721
buyer	4.000000	0.800000	0.002725	0.005431
enabl	2.000000	0.666667	0.001362	0.002719
wasn't	3.000000	0.750000	0.002044	0.004076
stuff	6.000000	0.750000	0.004087	0.008130
wire	2.000000	0.666667	0.001362	0.002719
email	5.000000	0.833333	0.003406	0.006784
bought	38.000000	0.826087	0.025886	0.050198
joy	2.000000	0.666667	0.001362	0.002719
job	4.000000	0.800000	0.002725	0.005431
key	9.000000	0.333333	0.006131	0.012040
etc	7.000000	0.636364	0.004768	0.009466
wall	2.000000	1.000000	0.001362	0.002721
quit	8.000000	0.666667	0.005450	0.010811
decent	7.000000	0.636364	0.004768	0.009466
netbook	19.000000	0.678571	0.012943	0.025401
immedi	3.000000	0.750000	0.002044	0.004076
mike	2.000000	0.666667	0.001362	0.002719
togeth	2.000000	0.666667	0.001362	0.002719
present	2.000000	0.666667	0.001362	0.002719
purchas	42.000000	0.823529	0.028610	0.055300
file	6.000000	0.666667	0.004087	0.008125
viru	4.000000	1.000000	0.002725	0.005435
site	2.000000	0.400000	0.001362	0.002716
dual	2.000000	1.000000	0.001362	0.002721
lightweight	11.000000	1.000000	0.007493	0.014875
speaker	3.000000	0.200000	0.002044	0.004046
inch	5.000000	0.833333	0.003406	0.006784
effect	2.000000	0.666667	0.001362	0.002719
student	8.000000	0.800000	0.005450	0.010825
toshiba	27.000000	0.482143	0.018392	0.035433
well	41.000000	0.732143	0.027929	0.053806
versatil	2.000000	1.000000	0.001362	0.002721
thought	11.000000	0.785714	0.007493	0.014845
command	2.000000	1.000000	0.001362	0.002721
choos	3.000000	0.750000	0.002044	0.004076
usual	2.000000	0.400000	0.001362	0.002716
less	9.000000	0.750000	0.006131	0.012162
web	19.000000	0.863636	0.012943	0.025503
add	3.000000	0.600000	0.002044	0.004073
other	2.000000	1.000000	0.001362	0.002721
homework	3.000000	1.000000	0.002044	0.004079
piec	7.000000	0.875000	0.004768	0.009485
realiz	3.000000	0.750000	0.002044	0.004076
five	5.000000	0.833333	0.003406	0.006784
know	8.000000	0.615385	0.005450	0.010804
desk	3.000000	1.000000	0.002044	0.004079
like	64.000000	0.727273	0.043597	0.082262
lost	4.000000	0.444444	0.002725	0.005416
incred	5.000000	0.833333	0.003406	0.006784
necessari	3.000000	1.000000	0.002044	0.004079
page	8.000000	0.615385	0.005450	0.010804
inspiron	3.000000	1.000000	0.002044	0.004079
exceed	4.000000	1.000000	0.002725	0.005435
linux	2.000000	1.000000	0.001362	0.002721
smoothli	5.000000	1.000000	0.003406	0.006789
thank	2.000000	1.000000	0.001362	0.002721
preload	3.000000	0.750000	0.002044	0.004076
although	3.000000	0.750000	0.002044	0.004076
actual	4.000000	0.571429	0.002725	0.005424
own	2.000000	0.333333	0.001362	0.002714
automat	2.000000	0.500000	0.001362	0.002717
warranti	6.000000	0.240000	0.004087	0.008038
doesnt	3.000000	0.600000	0.002044	0.004073
pictur	7.000000	0.437500	0.004768	0.009434
appl	21.000000	0.567568	0.014305	0.027907
buy	46.000000	0.696970	0.031335	0.059974
brand	7.000000	0.777778	0.004768	0.009479
continu	2.000000	0.666667	0.001362	0.002719
uninstal	4.000000	1.000000	0.002725	0.005435
eas	11.000000	1.000000	0.007493	0.014875
bug	2.000000	1.000000	0.001362	0.002721
hd	2.000000	0.400000	0.001362	0.002716
made	22.000000	0.880000	0.014986	0.029471
wish	14.000000	0.875000	0.009537	0.018868
smooth	3.000000	0.600000	0.002044	0.004073
troubl	5.000000	0.714286	0.003406	0.006780
otherwis	3.000000	1.000000	0.002044	0.004079
problem	35.000000	0.538462	0.023842	0.045662
display	10.000000	0.370370	0.006812	0.013378
wifi	9.000000	1.000000	0.006131	0.012187
retina	4.000000	0.500000	0.002725	0.005420
probabl	7.000000	0.583333	0.004768	0.009459
boot	13.000000	0.812500	0.008856	0.017520
detail	2.000000	1.000000	0.001362	0.002721
book	7.000000	0.875000	0.004768	0.009485
junk	4.000000	0.666667	0.002725	0.005427
star	13.000000	0.928571	0.008856	0.017544
stay	4.000000	0.571429	0.002725	0.005424
kinda	2.000000	1.000000	0.001362	0.002721
iwork	2.000000	0.666667	0.001362	0.002719
reliabl	7.000000	1.000000	0.004768	0.009492
