child	2.000000	0.666667	0.001362	0.002719
sleek	8.000000	1.000000	0.005450	0.010840
four	4.000000	0.500000	0.002725	0.005420
saved	2.000000	1.000000	0.001362	0.002721
poorly	2.000000	0.666667	0.001362	0.002719
teaching	2.000000	1.000000	0.001362	0.002721
worth	30.000000	0.937500	0.020436	0.040000
dell	3.000000	0.500000	0.002044	0.004071
every	63.000000	0.887324	0.042916	0.081871
jack	2.000000	0.666667	0.001362	0.002719
encounter	2.000000	1.000000	0.001362	0.002721
school	14.000000	0.875000	0.009537	0.018868
red	24.000000	0.500000	0.016349	0.031662
settings	2.000000	0.400000	0.001362	0.002716
ups	2.000000	1.000000	0.001362	0.002721
enjoy	6.000000	0.750000	0.004087	0.008130
force	3.000000	0.600000	0.002044	0.004073
tired	2.000000	0.666667	0.001362	0.002719
second	8.000000	0.727273	0.005450	0.010818
fabulous	2.000000	1.000000	0.001362	0.002721
specs	2.000000	1.000000	0.001362	0.002721
even	27.000000	0.574468	0.018392	0.035644
errors	2.000000	1.000000	0.001362	0.002721
hate	9.000000	0.750000	0.006131	0.012162
new	27.000000	0.658537	0.018392	0.035785
net	60.000000	0.821918	0.040872	0.077872
ever	132.000000	0.814815	0.089918	0.161963
never	24.000000	0.705882	0.016349	0.031957
met	20.000000	0.555556	0.013624	0.026596
100	5.000000	1.000000	0.003406	0.006789
kids	3.000000	0.750000	0.002044	0.004076
daughter	5.000000	1.000000	0.003406	0.006789
reports	2.000000	1.000000	0.001362	0.002721
browsing	7.000000	0.777778	0.004768	0.009479
i'm	3.000000	0.750000	0.002044	0.004076
fantastic	5.000000	0.714286	0.003406	0.006780
highly	12.000000	1.000000	0.008174	0.016216
unit	4.000000	0.800000	0.002725	0.005431
charge	7.000000	0.318182	0.004768	0.009396
would	82.000000	0.759259	0.055858	0.104061
browse	4.000000	0.800000	0.002725	0.005431
negative	3.000000	1.000000	0.002044	0.004079
music	6.000000	0.545455	0.004087	0.008114
recommend	48.000000	0.979592	0.032698	0.063283
type	7.000000	0.538462	0.004768	0.009453
tell	14.000000	0.736842	0.009537	0.018830
phone	7.000000	0.388889	0.004768	0.009421
warm	2.000000	1.000000	0.001362	0.002721
excellent	10.000000	0.666667	0.006812	0.013486
room	3.000000	0.750000	0.002044	0.004076
setup	4.000000	1.000000	0.002725	0.005435
work	90.000000	0.642857	0.061308	0.111940
movies	4.000000	0.800000	0.002725	0.005431
era	55.000000	0.774648	0.037466	0.071475
ms	55.000000	0.696203	0.037466	0.071105
im	102.000000	0.641509	0.069482	0.125384
headphones	2.000000	0.500000	0.001362	0.002717
give	17.000000	0.739130	0.011580	0.022803
want	31.000000	0.794872	0.021117	0.041141
times	13.000000	0.500000	0.008856	0.017403
end	89.000000	0.735537	0.060627	0.112020
recovery	2.000000	1.000000	0.001362	0.002721
thing	110.000000	0.709677	0.074932	0.135551
provide	2.000000	0.666667	0.001362	0.002719
mouse	6.000000	0.206897	0.004087	0.008016
travel	10.000000	1.000000	0.006812	0.013532
returning	4.000000	1.000000	0.002725	0.005435
feature	29.000000	0.828571	0.019755	0.038589
machine	39.000000	0.906977	0.026567	0.051621
amazing	17.000000	0.850000	0.011580	0.022849
disappoint	15.000000	0.833333	0.010218	0.020188
gaming	13.000000	0.866667	0.008856	0.017532
beauty	2.000000	1.000000	0.001362	0.002721
connects	2.000000	1.000000	0.001362	0.002721
wrong	2.000000	0.500000	0.001362	0.002717
lot	17.000000	0.680000	0.011580	0.022773
lap	218.000000	0.865079	0.148501	0.253488
purchase	32.000000	0.800000	0.021798	0.042440
appreciate	4.000000	1.000000	0.002725	0.005435
ethernet	5.000000	1.000000	0.003406	0.006789
order	3.000000	0.428571	0.002044	0.004068
updates	3.000000	1.000000	0.002044	0.004079
office	5.000000	0.714286	0.003406	0.006780
fall	4.000000	0.500000	0.002725	0.005420
satisfied	15.000000	1.000000	0.010218	0.020229
keyboard	12.000000	0.285714	0.008174	0.015894
fit	18.000000	1.000000	0.012262	0.024226
backpack	2.000000	1.000000	0.001362	0.002721
expectations	6.000000	1.000000	0.004087	0.008141
better	20.000000	0.769231	0.013624	0.026774
weeks	5.000000	0.384615	0.003406	0.006752
easier	5.000000	0.714286	0.003406	0.006780
combination	2.000000	1.000000	0.001362	0.002721
downs	2.000000	0.666667	0.001362	0.002719
break	4.000000	0.800000	0.002725	0.005431
band	2.000000	0.500000	0.001362	0.002717
reasonably	2.000000	1.000000	0.001362	0.002721
went	7.000000	0.368421	0.004768	0.009415
side	12.000000	0.480000	0.008174	0.016075
network	9.000000	0.900000	0.006131	0.012179
hooked	2.000000	0.666667	0.001362	0.002719
bonus	2.000000	1.000000	0.001362	0.002721
adapt	4.000000	0.666667	0.002725	0.005427
got	28.000000	0.717949	0.019074	0.037160
turning	5.000000	0.714286	0.003406	0.006780
you're	9.000000	0.692308	0.006131	0.012154
tops	15.000000	0.750000	0.010218	0.020161
little	28.000000	0.651163	0.019074	0.037062
free	11.000000	0.611111	0.007493	0.014805
standard	4.000000	0.800000	0.002725	0.005431
wanted	7.000000	1.000000	0.004768	0.009492
starts	5.000000	1.000000	0.003406	0.006789
days	10.000000	0.526316	0.006812	0.013450
shipped	2.000000	0.250000	0.001362	0.002710
heck	8.000000	0.800000	0.005450	0.010825
user	10.000000	0.555556	0.006812	0.013459
already	10.000000	0.909091	0.006812	0.013523
features	27.000000	0.964286	0.018392	0.036096
grade	8.000000	0.571429	0.005450	0.010796
hook	5.000000	0.833333	0.003406	0.006784
another	22.000000	0.758621	0.014986	0.029392
electronic	3.000000	0.600000	0.002044	0.004073
rated	2.000000	0.666667	0.001362	0.002719
service	8.000000	0.470588	0.005450	0.010774
top	243.000000	0.837931	0.165531	0.276451
approximately	2.000000	1.000000	0.001362	0.002721
needed	7.000000	0.700000	0.004768	0.009472
ton	7.000000	0.291667	0.004768	0.009383
ordered	2.000000	0.666667	0.001362	0.002719
listen	3.000000	0.600000	0.002044	0.004073
took	9.000000	0.600000	0.006131	0.012138
somewhat	3.000000	1.000000	0.002044	0.004079
matter	2.000000	0.285714	0.001362	0.002712
friend	15.000000	0.714286	0.010218	0.020148
mini	2.000000	1.000000	0.001362	0.002721
ran	29.000000	0.527273	0.019755	0.038083
navigate	3.000000	0.600000	0.002044	0.004073
ram	19.000000	0.575758	0.012943	0.025316
mine	4.000000	0.666667	0.002725	0.005427
anybody	3.000000	1.000000	0.002044	0.004079
seem	10.000000	0.476190	0.006812	0.013432
convenient	2.000000	1.000000	0.001362	0.002721
recommended	6.000000	1.000000	0.004087	0.008141
clunky	2.000000	0.666667	0.001362	0.002719
blue	5.000000	0.714286	0.003406	0.006780
though	22.000000	0.578947	0.014986	0.029216
addict	2.000000	1.000000	0.001362	0.002721
plenty	4.000000	0.500000	0.002725	0.005420
macbook	4.000000	1.000000	0.002725	0.005435
webcam	5.000000	0.714286	0.003406	0.006780
definitely	16.000000	1.000000	0.010899	0.021563
tech	8.000000	0.470588	0.005450	0.010774
came	12.000000	0.800000	0.008174	0.016183
colors	2.000000	0.500000	0.001362	0.002717
nephew	2.000000	1.000000	0.001362	0.002721
cheaply	3.000000	1.000000	0.002044	0.004079
wide	2.000000	0.666667	0.001362	0.002719
watch	7.000000	0.538462	0.004768	0.009453
shutting	3.000000	1.000000	0.002044	0.004079
report	3.000000	1.000000	0.002044	0.004079
reinstall	3.000000	0.750000	0.002044	0.004076
14	3.000000	1.000000	0.002044	0.004079
runs	13.000000	0.866667	0.008856	0.017532
bar	8.000000	0.666667	0.005450	0.010811
nicely	2.000000	0.666667	0.001362	0.002719
excel	10.000000	0.625000	0.006812	0.013477
bag	5.000000	0.833333	0.003406	0.006784
bad	16.000000	0.592593	0.010899	0.021405
decided	4.000000	1.000000	0.002725	0.005435
fail	2.000000	0.250000	0.001362	0.002710
best	21.000000	0.777778	0.014305	0.028094
said	5.000000	0.454545	0.003406	0.006761
lots	5.000000	0.833333	0.003406	0.006784
away	5.000000	0.555556	0.003406	0.006770
freeze	5.000000	0.625000	0.003406	0.006775
unable	3.000000	1.000000	0.002044	0.004079
finger	5.000000	0.625000	0.003406	0.006775
reccomend	5.000000	1.000000	0.003406	0.006789
terms	4.000000	1.000000	0.002725	0.005435
extend	3.000000	0.375000	0.002044	0.004065
weak	2.000000	1.000000	0.001362	0.002721
however	2.000000	0.400000	0.001362	0.002716
wi	254.000000	0.693989	0.173025	0.276990
wear	4.000000	0.666667	0.002725	0.005427
received	4.000000	0.800000	0.002725	0.005431
fault	4.000000	0.800000	0.002725	0.005431
adapter	2.000000	0.666667	0.001362	0.002719
games	16.000000	0.842105	0.010899	0.021520
gamer	3.000000	0.750000	0.002044	0.004076
com	281.000000	0.793785	0.191417	0.308452
con	60.000000	0.705882	0.040872	0.077270
2nd	2.000000	1.000000	0.001362	0.002721
tons	3.000000	0.250000	0.002044	0.004054
viruses	7.000000	1.000000	0.004768	0.009492
loaded	6.000000	0.545455	0.004087	0.008114
250	3.000000	0.750000	0.002044	0.004076
speak	5.000000	0.312500	0.003406	0.006739
2200	2.000000	1.000000	0.001362	0.002721
three	6.000000	0.461538	0.004087	0.008103
quickly	3.000000	0.333333	0.002044	0.004062
much	30.000000	0.731707	0.020436	0.039761
basic	12.000000	0.923077	0.008174	0.016205
tutorials	3.000000	1.000000	0.002044	0.004079
website	3.000000	0.750000	0.002044	0.004076
life	33.000000	0.550000	0.022480	0.043194
recomend	3.000000	0.750000	0.002044	0.004076
worked	8.000000	0.533333	0.005450	0.010789
air	15.000000	0.535714	0.010218	0.020053
near	4.000000	0.571429	0.002725	0.005424
mistake	2.000000	1.000000	0.001362	0.002721
cons	14.000000	0.777778	0.009537	0.018843
played	2.000000	0.666667	0.001362	0.002719
complaint	7.000000	0.777778	0.004768	0.009479
player	4.000000	1.000000	0.002725	0.005435
cant	4.000000	0.666667	0.002725	0.005427
ie	106.000000	0.701987	0.072207	0.130945
perform	26.000000	0.962963	0.017711	0.034783
suggest	2.000000	0.500000	0.001362	0.002717
make	29.000000	0.707317	0.019755	0.038436
drawback	4.000000	0.666667	0.002725	0.005427
several	6.000000	0.750000	0.004087	0.008130
meets	6.000000	1.000000	0.004087	0.008141
i7	5.000000	1.000000	0.003406	0.006789
thoughts	3.000000	1.000000	0.002044	0.004079
programs	14.000000	0.700000	0.009537	0.018817
ths	21.000000	0.488372	0.014305	0.027796
left	4.000000	0.400000	0.002725	0.005413
laptop	210.000000	0.860656	0.143052	0.245327
prints	4.000000	1.000000	0.002725	0.005435
yes	5.000000	0.833333	0.003406	0.006784
yet	6.000000	0.750000	0.004087	0.008130
adding	2.000000	0.666667	0.001362	0.002719
buyers	2.000000	1.000000	0.001362	0.002721
family	3.000000	1.000000	0.002044	0.004079
ease	19.000000	0.826087	0.012943	0.025486
board	14.000000	0.250000	0.009537	0.018373
easy	54.000000	0.900000	0.036785	0.070681
technological	3.000000	1.000000	0.002044	0.004079
save	8.000000	0.727273	0.005450	0.010818
gave	3.000000	0.500000	0.002044	0.004071
breaks	2.000000	1.000000	0.001362	0.002721
advanced	3.000000	1.000000	0.002044	0.004079
apart	3.000000	0.750000	0.002044	0.004076
gift	4.000000	0.800000	0.002725	0.005431
performing	2.000000	1.000000	0.001362	0.002721
night	3.000000	0.428571	0.002044	0.004068
security	2.000000	1.000000	0.001362	0.002721
right	14.000000	0.500000	0.009537	0.018717
old	14.000000	0.466667	0.009537	0.018692
deal	10.000000	0.666667	0.006812	0.013486
people	7.000000	0.583333	0.004768	0.009459
printer	8.000000	0.888889	0.005450	0.010833
pain	2.000000	0.333333	0.001362	0.002714
tutorial	4.000000	1.000000	0.002725	0.005435
bottom	2.000000	0.500000	0.001362	0.002717
everything	39.000000	0.928571	0.026567	0.051656
cord	5.000000	0.555556	0.003406	0.006770
core	2.000000	0.666667	0.001362	0.002719
burn	6.000000	0.750000	0.004087	0.008130
eye	5.000000	1.000000	0.003406	0.006789
super	14.000000	0.933333	0.009537	0.018881
plug	7.000000	0.583333	0.004768	0.009459
dollars	3.000000	1.000000	0.002044	0.004079
months	19.000000	0.463415	0.012943	0.025182
o	1334.000000	0.713369	0.908719	0.799281
plus	3.000000	0.500000	0.002044	0.004071
eight	25.000000	1.000000	0.017030	0.033490
froze	2.000000	1.000000	0.001362	0.002721
son	19.000000	0.760000	0.012943	0.025452
pair	9.000000	0.450000	0.006131	0.012097
east	5.000000	0.625000	0.003406	0.006775
constantly	5.000000	0.833333	0.003406	0.006784
lags	2.000000	1.000000	0.001362	0.002721
stuck	5.000000	0.833333	0.003406	0.006784
way	33.000000	0.559322	0.022480	0.043222
call	13.000000	0.361111	0.008856	0.017287
form	37.000000	0.948718	0.025204	0.049104
offer	7.000000	0.636364	0.004768	0.009466
gorgeous	3.000000	1.000000	0.002044	0.004079
wireless	6.000000	0.857143	0.004087	0.008136
heat	6.000000	1.000000	0.004087	0.008141
removed	2.000000	1.000000	0.001362	0.002721
devices	2.000000	1.000000	0.001362	0.002721
crystal	2.000000	0.400000	0.001362	0.002716
later	2.000000	0.181818	0.001362	0.002705
computing	6.000000	0.857143	0.004087	0.008136
annoying	2.000000	0.500000	0.001362	0.002717
mousepad	2.000000	0.500000	0.001362	0.002717
check	7.000000	0.875000	0.004768	0.009485
tip	2.000000	1.000000	0.001362	0.002721
power	21.000000	0.636364	0.014305	0.027981
papers	2.000000	1.000000	0.001362	0.002721
picture	6.000000	0.400000	0.004087	0.008092
dies	2.000000	1.000000	0.001362	0.002721
update	5.000000	0.833333	0.003406	0.006784
fell	2.000000	1.000000	0.001362	0.002721
aware	2.000000	0.666667	0.001362	0.002719
died	2.000000	0.400000	0.001362	0.002716
longer	3.000000	0.500000	0.002044	0.004071
together	2.000000	0.666667	0.001362	0.002719
time	46.000000	0.554217	0.031335	0.059317
serious	2.000000	1.000000	0.001362	0.002721
rom	51.000000	0.698630	0.034741	0.066191
hold	3.000000	0.600000	0.002044	0.004073
0	53.000000	0.736111	0.036104	0.068831
finally	3.000000	0.600000	0.002044	0.004073
choice	2.000000	0.666667	0.001362	0.002719
word	5.000000	0.555556	0.003406	0.006770
trouble	5.000000	0.714286	0.003406	0.006780
exact	7.000000	0.777778	0.004768	0.009479
minute	8.000000	0.666667	0.005450	0.010811
cool	5.000000	0.625000	0.003406	0.006775
item	3.000000	0.750000	0.002044	0.004076
quick	13.000000	0.590909	0.008856	0.017450
loads	5.000000	0.833333	0.003406	0.006784
unexpected	2.000000	1.000000	0.001362	0.002721
regret	7.000000	0.875000	0.004768	0.009485
cost	7.000000	0.538462	0.004768	0.009453
port	40.000000	0.689655	0.027248	0.052425
headset	2.000000	1.000000	0.001362	0.002721
current	3.000000	0.750000	0.002044	0.004076
goes	3.000000	0.428571	0.002044	0.004068
install	18.000000	0.818182	0.012262	0.024161
305	2.000000	1.000000	0.001362	0.002721
upgrade	7.000000	0.538462	0.004768	0.009453
change	7.000000	0.583333	0.004768	0.009459
wait	5.000000	0.454545	0.003406	0.006761
box	11.000000	0.846154	0.007493	0.014855
boy	2.000000	0.666667	0.001362	0.002719
trial	3.000000	0.600000	0.002044	0.004073
weird	2.000000	1.000000	0.001362	0.002721
tasks	2.000000	1.000000	0.001362	0.002721
love	73.000000	0.901235	0.049728	0.094254
extra	11.000000	0.846154	0.007493	0.014855
texture	2.000000	1.000000	0.001362	0.002721
rarely	3.000000	0.750000	0.002044	0.004076
market	5.000000	0.833333	0.003406	0.006784
working	12.000000	0.428571	0.008174	0.016043
live	7.000000	0.636364	0.004768	0.009466
memory	5.000000	0.555556	0.003406	0.006770
loving	2.000000	1.000000	0.001362	0.002721
afford	4.000000	0.800000	0.002725	0.005431
upgradable	2.000000	1.000000	0.001362	0.002721
given	4.000000	0.571429	0.002725	0.005424
fly	2.000000	1.000000	0.001362	0.002721
car	26.000000	0.702703	0.017711	0.034551
cap	7.000000	0.875000	0.004768	0.009485
reviews	2.000000	1.000000	0.001362	0.002721
cam	20.000000	0.769231	0.013624	0.026774
making	10.000000	0.833333	0.006812	0.013514
performer	2.000000	1.000000	0.001362	0.002721
awesome	15.000000	0.789474	0.010218	0.020175
didn't	7.000000	0.466667	0.004768	0.009440
requirements	2.000000	1.000000	0.001362	0.002721
freezes	4.000000	0.571429	0.002725	0.005424
1	56.000000	0.615385	0.038147	0.071841
beat	3.000000	1.000000	0.002044	0.004079
absolute	9.000000	0.818182	0.006131	0.012170
product	57.000000	0.850746	0.038828	0.074267
crashes	4.000000	1.000000	0.002725	0.005435
information	3.000000	1.000000	0.002044	0.004079
may	8.000000	0.727273	0.005450	0.010818
applications	4.000000	0.571429	0.002725	0.005424
mac	56.000000	0.875000	0.038147	0.073107
designed	3.000000	0.750000	0.002044	0.004076
date	7.000000	0.583333	0.004768	0.009459
man	43.000000	0.781818	0.029292	0.056467
surfing	3.000000	0.750000	0.002044	0.004076
maybe	4.000000	0.800000	0.002725	0.005431
switch	7.000000	0.777778	0.004768	0.009479
automatically	2.000000	0.500000	0.001362	0.002717
talk	2.000000	1.000000	0.001362	0.002721
refund	3.000000	0.750000	0.002044	0.004076
years	17.000000	0.772727	0.011580	0.022819
course	6.000000	0.857143	0.004087	0.008136
still	19.000000	0.513514	0.012943	0.025249
hot	17.000000	0.653846	0.011580	0.022758
window	9.000000	0.562500	0.006131	0.012129
offers	4.000000	0.800000	0.002725	0.005431
mail	9.000000	0.750000	0.006131	0.012162
non	2.000000	0.400000	0.001362	0.002716
wont	3.000000	0.750000	0.002044	0.004076
drop	2.000000	0.666667	0.001362	0.002719
repaired	3.000000	0.428571	0.002044	0.004068
year	27.000000	0.750000	0.018392	0.035904
morning	2.000000	1.000000	0.001362	0.002721
space	4.000000	0.571429	0.002725	0.005424
looking	27.000000	0.843750	0.018392	0.036000
internet	19.000000	0.950000	0.012943	0.025538
lag	3.000000	1.000000	0.002044	0.004079
quite	5.000000	0.714286	0.003406	0.006780
complicated	2.000000	1.000000	0.001362	0.002721
card	8.000000	0.571429	0.005450	0.010796
care	5.000000	0.555556	0.003406	0.006770
bloatware	3.000000	1.000000	0.002044	0.004079
transition	2.000000	1.000000	0.001362	0.002721
programming	3.000000	1.000000	0.002044	0.004079
honest	3.000000	1.000000	0.002044	0.004079
turn	24.000000	0.615385	0.016349	0.031851
place	16.000000	0.500000	0.010899	0.021333
think	11.000000	0.733333	0.007493	0.014835
waited	2.000000	0.500000	0.001362	0.002717
first	16.000000	0.500000	0.010899	0.021333
one	148.000000	0.740000	0.100817	0.177458
long	24.000000	0.600000	0.016349	0.031830
carry	12.000000	1.000000	0.008174	0.016216
impossible	3.000000	0.750000	0.002044	0.004076
open	16.000000	0.761905	0.010899	0.021491
size	21.000000	0.700000	0.014305	0.028037
plastic	7.000000	1.000000	0.004768	0.009492
anyone	17.000000	0.772727	0.011580	0.022819
2	46.000000	0.613333	0.031335	0.059624
speaking	2.000000	0.500000	0.001362	0.002717
gives	3.000000	1.000000	0.002044	0.004079
eyes	3.000000	1.000000	0.002044	0.004079
mostly	2.000000	1.000000	0.001362	0.002721
copy	2.000000	0.666667	0.001362	0.002719
here's	2.000000	0.666667	0.001362	0.002719
10	12.000000	0.521739	0.008174	0.016097
13	7.000000	1.000000	0.004768	0.009492
15	10.000000	0.833333	0.006812	0.013514
17	3.000000	0.500000	0.002044	0.004071
16	2.000000	0.500000	0.001362	0.002717
18	4.000000	1.000000	0.002725	0.005435
require	9.000000	0.900000	0.006131	0.012179
r	1273.000000	0.707615	0.867166	0.779308
happy	30.000000	0.937500	0.020436	0.040000
browser	2.000000	0.666667	0.001362	0.002719
pro	150.000000	0.643777	0.102180	0.176367
turned	8.000000	0.615385	0.005450	0.010804
say	22.000000	0.758621	0.014986	0.029392
medium	2.000000	0.666667	0.001362	0.002719
speakers	2.000000	0.250000	0.001362	0.002710
efficient	3.000000	1.000000	0.002044	0.004079
equipment	4.000000	1.000000	0.002725	0.005435
ideal	3.000000	1.000000	0.002044	0.004079
take	26.000000	0.702703	0.017711	0.034551
online	7.000000	0.700000	0.004768	0.009472
performance	18.000000	0.947368	0.012262	0.024210
concern	3.000000	0.500000	0.002044	0.004071
201	3.000000	1.000000	0.002044	0.004079
begin	3.000000	0.600000	0.002044	0.004073
sure	4.000000	0.500000	0.002725	0.005420
price	66.000000	0.985075	0.044959	0.085993
paid	3.000000	0.500000	0.002044	0.004071
complaints	2.000000	0.666667	0.001362	0.002719
pages	4.000000	0.666667	0.002725	0.005427
forever	3.000000	1.000000	0.002044	0.004079
operate	4.000000	1.000000	0.002725	0.005435
especially	3.000000	0.600000	0.002044	0.004073
flawlessly	4.000000	0.666667	0.002725	0.005427
average	4.000000	0.571429	0.002725	0.005424
drive	26.000000	0.577778	0.017711	0.034369
professional	2.000000	0.666667	0.001362	0.002719
uninstall	4.000000	1.000000	0.002725	0.005435
shop	5.000000	0.714286	0.003406	0.006780
rating	8.000000	0.533333	0.005450	0.010789
show	4.000000	0.571429	0.002725	0.005424
cheap	18.000000	0.900000	0.012262	0.024194
hack	2.000000	1.000000	0.001362	0.002721
ground	2.000000	0.666667	0.001362	0.002719
slot	2.000000	1.000000	0.001362	0.002721
slow	37.000000	0.973684	0.025204	0.049137
ratio	6.000000	0.750000	0.004087	0.008130
daily	4.000000	1.000000	0.002725	0.005435
3	40.000000	0.727273	0.027248	0.052528
going	14.000000	0.777778	0.009537	0.018843
black	5.000000	0.833333	0.003406	0.006784
get	76.000000	0.633333	0.051771	0.095718
freezing	2.000000	0.666667	0.001362	0.002719
expectation	7.000000	1.000000	0.004768	0.009492
truly	3.000000	0.750000	0.002044	0.004076
cannot	5.000000	0.833333	0.003406	0.006784
nearly	3.000000	0.600000	0.002044	0.004073
freaking	2.000000	0.400000	0.001362	0.002716
connections	3.000000	1.000000	0.002044	0.004079
college	13.000000	1.000000	0.008856	0.017556
wonder	13.000000	0.812500	0.008856	0.017520
review	3.000000	0.750000	0.002044	0.004076
opening	2.000000	1.000000	0.001362	0.002721
sites	3.000000	0.750000	0.002044	0.004076
enough	24.000000	0.888889	0.016349	0.032107
affordable	2.000000	1.000000	0.001362	0.002721
screen	40.000000	0.500000	0.027248	0.051680
come	32.000000	0.780488	0.021798	0.042412
many	10.000000	0.714286	0.006812	0.013495
quiet	6.000000	0.750000	0.004087	0.008130
personal	3.000000	1.000000	0.002044	0.004079
disappointment	3.000000	0.750000	0.002044	0.004076
fix	7.000000	0.291667	0.004768	0.009383
comes	10.000000	0.714286	0.006812	0.013495
stream	3.000000	1.000000	0.002044	0.004079
color	4.000000	0.500000	0.002725	0.005420
period	2.000000	0.500000	0.001362	0.002717
60	6.000000	0.750000	0.004087	0.008130
learning	5.000000	0.625000	0.003406	0.006775
constant	8.000000	0.888889	0.005450	0.010833
considering	2.000000	0.666667	0.001362	0.002719
arts	7.000000	0.777778	0.004768	0.009479
capable	2.000000	1.000000	0.001362	0.002721
cords	2.000000	1.000000	0.001362	0.002721
enable	2.000000	1.000000	0.001362	0.002721
laptops	11.000000	0.785714	0.007493	0.014845
external	4.000000	0.571429	0.002725	0.005424
paying	4.000000	0.800000	0.002725	0.005431
ive	80.000000	0.615385	0.054496	0.100125
someone	7.000000	0.875000	0.004768	0.009485
everyday	6.000000	1.000000	0.004087	0.008141
worry	4.000000	0.800000	0.002725	0.005431
bags	2.000000	1.000000	0.001362	0.002721
different	5.000000	0.384615	0.003406	0.006752
shuts	3.000000	1.000000	0.002044	0.004079
pay	11.000000	0.647059	0.007493	0.014815
trip	4.000000	1.000000	0.002725	0.005435
pad	8.000000	0.177778	0.005450	0.010575
week	10.000000	0.434783	0.006812	0.013414
running	6.000000	0.857143	0.004087	0.008136
totally	4.000000	0.666667	0.002725	0.005427
charger	2.000000	0.400000	0.001362	0.002716
without	12.000000	0.705882	0.008174	0.016162
can't	23.000000	0.851852	0.015668	0.030769
model	6.000000	0.750000	0.004087	0.008130
amazed	2.000000	1.000000	0.001362	0.002721
money	31.000000	0.815789	0.021117	0.041169
rest	13.000000	0.866667	0.008856	0.017532
touch	8.000000	0.242424	0.005450	0.010660
speed	24.000000	0.960000	0.016349	0.032150
seems	8.000000	0.500000	0.005450	0.010782
except	3.000000	0.500000	0.002044	0.004071
desktop	8.000000	0.888889	0.005450	0.010833
wall	4.000000	0.800000	0.002725	0.005431
pile	2.000000	1.000000	0.001362	0.002721
4	23.000000	0.560976	0.015668	0.030484
real	48.000000	0.774194	0.032698	0.062745
around	10.000000	0.666667	0.006812	0.013486
read	17.000000	0.850000	0.011580	0.022849
touchpad	2.000000	0.153846	0.001362	0.002701
mom	3.000000	1.000000	0.002044	0.004079
world	4.000000	0.666667	0.002725	0.005427
disappointed	7.000000	0.875000	0.004768	0.009485
outlet	2.000000	1.000000	0.001362	0.002721
serves	3.000000	1.000000	0.002044	0.004079
either	5.000000	0.833333	0.003406	0.006784
couldn't	4.000000	0.800000	0.002725	0.005431
picks	2.000000	1.000000	0.001362	0.002721
business	6.000000	1.000000	0.004087	0.008141
communicate	2.000000	1.000000	0.001362	0.002721
throw	4.000000	1.000000	0.002725	0.005435
manufacturer	2.000000	0.666667	0.001362	0.002719
ok	150.000000	0.789474	0.102180	0.180941
favorite	2.000000	1.000000	0.001362	0.002721
stand	14.000000	0.636364	0.009537	0.018792
decent	7.000000	0.636364	0.004768	0.009466
os	110.000000	0.597826	0.074932	0.133172
processor	8.000000	0.500000	0.005450	0.010782
cent	9.000000	0.562500	0.006131	0.012129
heated	2.000000	1.000000	0.001362	0.002721
impressive	2.000000	1.000000	0.001362	0.002721
log	5.000000	0.833333	0.003406	0.006784
area	3.000000	0.750000	0.002044	0.004076
hey	36.000000	0.360000	0.024523	0.045918
start	24.000000	0.666667	0.016349	0.031915
lop	2.000000	0.500000	0.001362	0.002717
low	53.000000	0.854839	0.036104	0.069281
lou	5.000000	0.312500	0.003406	0.006739
complete	10.000000	0.769231	0.006812	0.013504
happier	2.000000	1.000000	0.001362	0.002721
trying	6.000000	0.600000	0.004087	0.008119
buying	9.000000	0.750000	0.006131	0.012162
trips	2.000000	1.000000	0.001362	0.002721
expect	27.000000	0.843750	0.018392	0.036000
600	2.000000	1.000000	0.001362	0.002721
videos	4.000000	0.666667	0.002725	0.005427
certain	5.000000	0.714286	0.003406	0.006780
moved	3.000000	1.000000	0.002044	0.004079
sales	2.000000	1.000000	0.001362	0.002721
general	3.000000	0.750000	0.002044	0.004076
file	6.000000	0.600000	0.004087	0.008119
acer	4.000000	0.800000	0.002725	0.005431
horse	3.000000	1.000000	0.002044	0.004079
drivers	2.000000	0.666667	0.001362	0.002719
storage	2.000000	0.500000	0.001362	0.002717
field	2.000000	1.000000	0.001362	0.002721
5	37.000000	0.637931	0.025204	0.048493
poor	8.000000	0.800000	0.005450	0.010825
regardless	2.000000	1.000000	0.001362	0.002721
students	4.000000	0.800000	0.002725	0.005431
calls	2.000000	0.400000	0.001362	0.002716
wife	3.000000	0.750000	0.002044	0.004076
invest	6.000000	0.857143	0.004087	0.008136
wifi	5.000000	1.000000	0.003406	0.006789
curve	3.000000	0.600000	0.002044	0.004073
websites	2.000000	1.000000	0.001362	0.002721
alright	2.000000	1.000000	0.001362	0.002721
mean	2.000000	1.000000	0.001362	0.002721
starting	3.000000	1.000000	0.002044	0.004079
consider	3.000000	0.600000	0.002044	0.004073
lack	10.000000	0.833333	0.006812	0.013514
dollar	4.000000	1.000000	0.002725	0.005435
month	27.000000	0.450000	0.018392	0.035340
disc	4.000000	0.444444	0.002725	0.005416
disk	4.000000	0.800000	0.002725	0.005431
program	19.000000	0.612903	0.012943	0.025350
sound	6.000000	0.333333	0.004087	0.008075
premium	3.000000	1.000000	0.002044	0.004079
returned	6.000000	0.600000	0.004087	0.008119
sitting	4.000000	0.666667	0.002725	0.005427
far	26.000000	0.896552	0.017711	0.034736
worst	8.000000	0.666667	0.005450	0.010811
surprise	5.000000	1.000000	0.003406	0.006789
awful	6.000000	0.857143	0.004087	0.008136
fan	8.000000	0.615385	0.005450	0.010804
cable	4.000000	1.000000	0.002725	0.005435
large	5.000000	0.357143	0.003406	0.006748
booting	2.000000	0.666667	0.001362	0.002719
small	12.000000	0.631579	0.008174	0.016140
portable	9.000000	0.900000	0.006131	0.012179
ten	19.000000	0.655172	0.012943	0.025384
past	6.000000	0.750000	0.004087	0.008130
zero	3.000000	0.750000	0.002044	0.004076
design	20.000000	0.909091	0.013624	0.026846
investment	5.000000	1.000000	0.003406	0.006789
sub	3.000000	0.600000	0.002044	0.004073
full	15.000000	0.600000	0.010218	0.020094
loose	2.000000	0.500000	0.001362	0.002717
hours	6.000000	0.285714	0.004087	0.008059
operating	3.000000	0.375000	0.002044	0.004065
strong	4.000000	1.000000	0.002725	0.005435
allows	2.000000	0.400000	0.001362	0.002716
experience	5.000000	0.500000	0.003406	0.006766
amount	3.000000	0.750000	0.002044	0.004076
arent	9.000000	0.900000	0.006131	0.012179
pick	4.000000	0.800000	0.002725	0.005431
action	2.000000	0.666667	0.001362	0.002719
via	2.000000	0.666667	0.001362	0.002719
put	184.000000	0.789700	0.125341	0.216343
aimed	2.000000	1.000000	0.001362	0.002721
takes	6.000000	0.545455	0.004087	0.008114
two	20.000000	0.625000	0.013624	0.026667
6	15.000000	0.625000	0.010218	0.020107
taken	2.000000	1.000000	0.001362	0.002721
preloaded	3.000000	0.750000	0.002044	0.004076
door	2.000000	1.000000	0.001362	0.002721
company	3.000000	0.250000	0.002044	0.004054
broke	2.000000	0.200000	0.001362	0.002706
particular	2.000000	1.000000	0.001362	0.002721
glad	11.000000	1.000000	0.007493	0.014875
hour	8.000000	0.266667	0.005450	0.010681
learn	12.000000	0.705882	0.008174	0.016162
beautiful	7.000000	0.636364	0.004768	0.009466
scan	2.000000	0.666667	0.001362	0.002719
purchased	14.000000	0.875000	0.009537	0.018868
sense	3.000000	1.000000	0.002044	0.004079
sharp	3.000000	0.750000	0.002044	0.004076
huge	2.000000	0.500000	0.001362	0.002717
needs	24.000000	0.857143	0.016349	0.032086
rather	7.000000	0.538462	0.004768	0.009453
occasionally	2.000000	1.000000	0.001362	0.002721
tried	4.000000	0.500000	0.002725	0.005420
par	31.000000	0.775000	0.021117	0.041114
coming	3.000000	0.600000	0.002044	0.004073
fi	165.000000	0.708155	0.112398	0.194004
response	2.000000	1.000000	0.001362	0.002721
short	6.000000	0.500000	0.004087	0.008108
media	8.000000	0.800000	0.005450	0.010825
pleasure	2.000000	0.666667	0.001362	0.002719
playing	4.000000	1.000000	0.002725	0.005435
that's	5.000000	0.833333	0.003406	0.006784
help	11.000000	0.478261	0.007493	0.014755
don't	28.000000	0.636364	0.019074	0.037037
soon	2.000000	1.000000	0.001362	0.002721
installed	7.000000	0.875000	0.004768	0.009485
held	3.000000	0.600000	0.002044	0.004073
paper	3.000000	0.750000	0.002044	0.004076
24	3.000000	0.600000	0.002044	0.004073
25	4.000000	0.800000	0.002725	0.005431
20	15.000000	0.937500	0.010218	0.020216
actually	4.000000	0.666667	0.002725	0.005427
late	5.000000	0.333333	0.003406	0.006743
might	7.000000	0.636364	0.004768	0.009466
haven't	5.000000	1.000000	0.003406	0.006789
good	65.000000	0.783133	0.044278	0.083817
return	15.000000	0.681818	0.010218	0.020134
yo	136.000000	0.686869	0.092643	0.163265
complain	13.000000	0.812500	0.008856	0.017520
easily	13.000000	0.684211	0.008856	0.017485
always	13.000000	0.684211	0.008856	0.017485
stopped	4.000000	0.444444	0.002725	0.005416
found	4.000000	0.666667	0.002725	0.005427
difficult	2.000000	0.666667	0.001362	0.002719
ports	11.000000	1.000000	0.007493	0.014875
isn't	6.000000	0.600000	0.004087	0.008119
heavy	6.000000	0.857143	0.004087	0.008136
everyone	4.000000	1.000000	0.002725	0.005435
weight	25.000000	1.000000	0.017030	0.033490
house	3.000000	0.750000	0.002044	0.004076
hard	21.000000	0.456522	0.014305	0.027741
extended	2.000000	0.285714	0.001362	0.002712
connect	24.000000	0.888889	0.016349	0.032107
operation	4.000000	1.000000	0.002725	0.005435
really	43.000000	0.826923	0.029292	0.056579
p	994.000000	0.716138	0.677112	0.696078
since	17.000000	0.629630	0.011580	0.022742
research	3.000000	0.600000	0.002044	0.004073
7	28.000000	0.608696	0.019074	0.036988
print	12.000000	0.857143	0.008174	0.016194
issue	11.000000	0.550000	0.007493	0.014785
warrenty	2.000000	0.250000	0.001362	0.002710
esay	2.000000	1.000000	0.001362	0.002721
pleasant	2.000000	0.666667	0.001362	0.002719
reason	7.000000	0.777778	0.004768	0.009479
imagine	3.000000	1.000000	0.002044	0.004079
ask	7.000000	0.583333	0.004768	0.009459
benefits	4.000000	1.000000	0.002725	0.005435
computers	6.000000	0.857143	0.004087	0.008136
w	849.000000	0.702815	0.578338	0.634529
major	3.000000	0.600000	0.002044	0.004073
dont	5.000000	0.714286	0.003406	0.006780
feel	17.000000	0.809524	0.011580	0.022834
done	7.000000	0.538462	0.004768	0.009453
idea	5.000000	1.000000	0.003406	0.006789
twenty	2.000000	0.666667	0.001362	0.002719
least	4.000000	0.800000	0.002725	0.005431
wonderful	11.000000	0.846154	0.007493	0.014855
hundred	2.000000	1.000000	0.001362	0.002721
store	3.000000	0.750000	0.002044	0.004076
headache	2.000000	1.000000	0.001362	0.002721
option	4.000000	1.000000	0.002725	0.005435
i'	3.000000	0.600000	0.002044	0.004073
immediate	3.000000	1.000000	0.002044	0.004079
part	18.000000	0.750000	0.012262	0.024129
believe	7.000000	0.875000	0.004768	0.009485
kind	7.000000	0.875000	0.004768	0.009485
gotten	3.000000	1.000000	0.002044	0.004079
outstanding	3.000000	1.000000	0.002044	0.004079
defect	3.000000	0.428571	0.002044	0.004068
download	6.000000	0.857143	0.004087	0.008136
lid	8.000000	0.727273	0.005450	0.010818
built	9.000000	0.818182	0.006131	0.012170
self	17.000000	0.772727	0.011580	0.022819
also	27.000000	0.675000	0.018392	0.035809
internal	2.000000	1.000000	0.001362	0.002721
build	8.000000	1.000000	0.005450	0.010840
finding	2.000000	0.666667	0.001362	0.002719
play	35.000000	0.625000	0.023842	0.045932
added	2.000000	0.666667	0.001362	0.002719
reach	2.000000	1.000000	0.001362	0.002721
virus	12.000000	1.000000	0.008174	0.016216
nothing	8.000000	0.533333	0.005450	0.010789
extremely	8.000000	1.000000	0.005450	0.010840
sturdy	5.000000	0.833333	0.003406	0.006784
windows	6.000000	0.500000	0.004087	0.008108
clear	5.000000	0.357143	0.003406	0.006748
sometimes	4.000000	0.500000	0.002725	0.005420
cover	4.000000	0.444444	0.002725	0.005416
optical	3.000000	1.000000	0.002044	0.004079
clean	4.000000	0.800000	0.002725	0.005431
fine	16.000000	0.888889	0.010899	0.021534
find	10.000000	0.526316	0.006812	0.013450
cell	16.000000	0.727273	0.010899	0.021477
technologically	2.000000	1.000000	0.001362	0.002721
pretty	8.000000	0.800000	0.005450	0.010825
factor	2.000000	1.000000	0.001362	0.002721
8	22.000000	0.611111	0.014986	0.029255
hit	3.000000	0.750000	0.002044	0.004076
feels	3.000000	0.600000	0.002044	0.004073
b	706.000000	0.671741	0.480926	0.560540
restart	6.000000	0.857143	0.004087	0.008136
remove	4.000000	1.000000	0.002725	0.005435
x	143.000000	0.668224	0.097411	0.170036
set	23.000000	0.821429	0.015668	0.030749
art	53.000000	0.688312	0.036104	0.068608
see	19.000000	0.452381	0.012943	0.025166
sec	13.000000	0.764706	0.008856	0.017508
close	3.000000	0.750000	0.002044	0.004076
pictures	2.000000	0.222222	0.001362	0.002708
currently	2.000000	0.666667	0.001362	0.002719
burner	3.000000	0.750000	0.002044	0.004076
case	7.000000	1.000000	0.004768	0.009492
various	3.000000	0.750000	0.002044	0.004076
probably	5.000000	0.500000	0.003406	0.006766
interface	4.000000	0.800000	0.002725	0.005431
c	994.000000	0.714080	0.677112	0.695105
last	20.000000	0.645161	0.013624	0.026684
wouldn't	3.000000	0.600000	0.002044	0.004073
barely	5.000000	0.833333	0.003406	0.006784
connection	10.000000	1.000000	0.006812	0.013532
alot	3.000000	0.600000	0.002044	0.004073
protector	2.000000	0.666667	0.001362	0.002719
whole	4.000000	0.666667	0.002725	0.005427
load	19.000000	0.678571	0.012943	0.025401
liked	3.000000	1.000000	0.002044	0.004079
point	23.000000	0.793103	0.015668	0.030728
simple	8.000000	0.888889	0.005450	0.010833
whatever	4.000000	1.000000	0.002725	0.005435
simply	5.000000	0.714286	0.003406	0.006780
likes	2.000000	1.000000	0.001362	0.002721
upgrades	2.000000	1.000000	0.001362	0.002721
expensive	3.000000	0.750000	0.002044	0.004076
headaches	2.000000	1.000000	0.001362	0.002721
pw	2.000000	1.000000	0.001362	0.002721
due	4.000000	0.571429	0.002725	0.005424
pc	2.000000	0.500000	0.001362	0.002717
damn	3.000000	1.000000	0.002044	0.004079
modern	2.000000	1.000000	0.001362	0.002721
fire	4.000000	0.800000	0.002725	0.005431
convert	2.000000	1.000000	0.001362	0.002721
priced	2.000000	1.000000	0.001362	0.002721
pricey	3.000000	1.000000	0.002044	0.004079
understand	4.000000	0.444444	0.002725	0.005416
look	41.000000	0.854167	0.027929	0.054090
solid	6.000000	0.750000	0.004087	0.008130
reliable	6.000000	1.000000	0.004087	0.008141
bill	3.000000	1.000000	0.002044	0.004079
budget	3.000000	1.000000	0.002044	0.004079
replaced	5.000000	0.555556	0.003406	0.006770
error	3.000000	0.600000	0.002044	0.004073
fun	13.000000	0.565217	0.008856	0.017438
pack	5.000000	0.833333	0.003406	0.006784
disappointing	3.000000	0.750000	0.002044	0.004076
ready	11.000000	0.846154	0.007493	0.014855
anymore	2.000000	1.000000	0.001362	0.002721
9	6.000000	0.750000	0.004087	0.008130
higher	2.000000	0.666667	0.001362	0.002719
used	24.000000	0.648649	0.016349	0.031894
keys	3.000000	0.300000	0.002044	0.004060
moment	2.000000	1.000000	0.001362	0.002721
uses	13.000000	0.812500	0.008856	0.017520
purpose	4.000000	0.666667	0.002725	0.005427
early	4.000000	0.571429	0.002725	0.005424
lower	3.000000	0.750000	0.002044	0.004076
navigation	2.000000	1.000000	0.001362	0.002721
spent	6.000000	0.750000	0.004087	0.008130
person	11.000000	0.785714	0.007493	0.014845
edge	3.000000	0.600000	0.002044	0.004073
savvy	2.000000	1.000000	0.001362	0.002721
spend	6.000000	0.666667	0.004087	0.008125
things	11.000000	0.785714	0.007493	0.014845
ergonomic	2.000000	1.000000	0.001362	0.002721
vga	2.000000	1.000000	0.001362	0.002721
using	10.000000	0.500000	0.006812	0.013441
useful	3.000000	0.750000	0.002044	0.004076
cut	3.000000	0.750000	0.002044	0.004076
signals	2.000000	1.000000	0.001362	0.002721
parents	5.000000	1.000000	0.003406	0.006789
snap	2.000000	0.666667	0.001362	0.002719
excited	2.000000	1.000000	0.001362	0.002721
surprised	4.000000	1.000000	0.002725	0.005435
useless	3.000000	0.750000	0.002044	0.004076
ridiculously	2.000000	1.000000	0.001362	0.002721
big	13.000000	0.722222	0.008856	0.017497
couple	4.000000	0.571429	0.002725	0.005424
game	25.000000	0.806452	0.017030	0.033356
d	1093.000000	0.696178	0.744550	0.719552
stylish	4.000000	1.000000	0.002725	0.005435
often	5.000000	1.000000	0.003406	0.006789
absolutely	8.000000	0.800000	0.005450	0.010825
back	21.000000	0.477273	0.014305	0.027778
streaming	2.000000	1.000000	0.001362	0.002721
decision	3.000000	1.000000	0.002044	0.004079
connecting	2.000000	1.000000	0.001362	0.002721
run	37.000000	0.804348	0.025204	0.048877
300	3.000000	1.000000	0.002044	0.004079
processing	7.000000	0.777778	0.004768	0.009479
refused	2.000000	0.666667	0.001362	0.002719
lasts	3.000000	0.750000	0.002044	0.004076
toshib	6.000000	0.666667	0.004087	0.008125
anything	6.000000	0.428571	0.004087	0.008097
hinge	2.000000	1.000000	0.001362	0.002721
range	2.000000	1.000000	0.001362	0.002721
block	2.000000	0.666667	0.001362	0.002719
repair	8.000000	0.444444	0.005450	0.010767
within	4.000000	0.444444	0.002725	0.005416
services	3.000000	0.600000	0.002044	0.004073
impressed	8.000000	1.000000	0.005450	0.010840
span	2.000000	0.666667	0.001362	0.002719
fast	52.000000	0.928571	0.035422	0.068241
camera	5.000000	1.000000	0.003406	0.006789
files	5.000000	0.714286	0.003406	0.006780
elsewhere	2.000000	1.000000	0.001362	0.002721
criteria	2.000000	1.000000	0.001362	0.002721
properly	3.000000	0.500000	0.002044	0.004071
newer	2.000000	0.666667	0.001362	0.002719
line	16.000000	0.727273	0.010899	0.021477
us	307.000000	0.688341	0.209128	0.320794
called	2.000000	0.166667	0.001362	0.002703
single	3.000000	0.750000	0.002044	0.004076
lemon	4.000000	1.000000	0.002725	0.005435
plugged	3.000000	0.600000	0.002044	0.004073
occasional	4.000000	1.000000	0.002725	0.005435
nice	21.000000	0.656250	0.014305	0.028000
problems	22.000000	0.785714	0.014986	0.029412
replace	10.000000	0.416667	0.006812	0.013405
ago	6.000000	0.500000	0.004087	0.008108
e	1398.000000	0.715822	0.952316	0.817305
dvd	2.000000	1.000000	0.001362	0.002721
age	30.000000	0.566038	0.020436	0.039448
required	2.000000	0.666667	0.001362	0.002719
requires	2.000000	1.000000	0.001362	0.002721
existing	3.000000	1.000000	0.002044	0.004079
go	131.000000	0.740113	0.089237	0.159271
issues	5.000000	0.500000	0.003406	0.006766
compact	4.000000	1.000000	0.002725	0.005435
send	5.000000	0.263158	0.003406	0.006725
friendly	3.000000	0.500000	0.002044	0.004071
graphic	12.000000	0.500000	0.008174	0.016086
facebook	2.000000	0.666667	0.001362	0.002719
button	3.000000	0.166667	0.002044	0.004038
try	13.000000	0.650000	0.008856	0.017473
you'd	2.000000	1.000000	0.001362	0.002721
boots	2.000000	1.000000	0.001362	0.002721
video	14.000000	0.538462	0.009537	0.018742
traveling	4.000000	1.000000	0.002725	0.005435
rate	6.000000	0.666667	0.004087	0.008125
giving	2.000000	0.500000	0.001362	0.002717
access	5.000000	1.000000	0.003406	0.006789
seconds	4.000000	0.800000	0.002725	0.005431
body	7.000000	1.000000	0.004768	0.009492
led	17.000000	0.447368	0.011580	0.022576
leg	17.000000	1.000000	0.011580	0.022896
let	23.000000	0.718750	0.015668	0.030667
others	2.000000	1.000000	0.001362	0.002721
great	115.000000	0.809859	0.078338	0.142857
31	3.000000	1.000000	0.002044	0.004079
30	10.000000	0.909091	0.006812	0.013523
products	4.000000	0.571429	0.002725	0.005424
opinion	4.000000	0.666667	0.002725	0.005427
makes	12.000000	0.705882	0.008174	0.016162
thats	5.000000	0.714286	0.003406	0.006780
win	13.000000	0.650000	0.008856	0.017473
manage	2.000000	0.333333	0.001362	0.002714
use	180.000000	0.694981	0.122616	0.208454
crap	8.000000	0.888889	0.005450	0.010833
usb	6.000000	0.857143	0.004087	0.008136
seamless	4.000000	1.000000	0.002725	0.005435
next	7.000000	0.636364	0.004768	0.009466
doubt	2.000000	1.000000	0.001362	0.002721
started	6.000000	0.600000	0.004087	0.008119
baby	2.000000	0.400000	0.001362	0.002716
starter	2.000000	0.666667	0.001362	0.002719
customer	3.000000	0.333333	0.002044	0.004062
portability	5.000000	1.000000	0.003406	0.006789
f	817.000000	0.705527	0.556540	0.622239
anywhere	5.000000	0.714286	0.003406	0.006780
thin	125.000000	0.710227	0.085150	0.152068
process	16.000000	0.533333	0.010899	0.021362
lock	5.000000	0.833333	0.003406	0.006784
slim	2.000000	1.000000	0.001362	0.002721
purposes	2.000000	1.000000	0.001362	0.002721
high	22.000000	0.814815	0.014986	0.029431
tag	2.000000	0.666667	0.001362	0.002719
something	12.000000	0.600000	0.008174	0.016129
defective	2.000000	0.400000	0.001362	0.002716
sit	21.000000	0.617647	0.014305	0.027963
instead	4.000000	0.444444	0.002725	0.005416
netbook	19.000000	0.678571	0.012943	0.025401
specifications	2.000000	1.000000	0.001362	0.002721
notebook	5.000000	0.714286	0.003406	0.006780
fits	10.000000	1.000000	0.006812	0.013532
light	50.000000	0.847458	0.034060	0.065488
honestly	2.000000	1.000000	0.001362	0.002721
allow	5.000000	0.500000	0.003406	0.006766
produces	2.000000	1.000000	0.001362	0.002721
move	6.000000	0.750000	0.004087	0.008130
including	4.000000	1.000000	0.002725	0.005435
looks	6.000000	0.857143	0.004087	0.008136
perfect	27.000000	0.900000	0.018392	0.036048
write	6.000000	1.000000	0.004087	0.008141
choose	3.000000	0.750000	0.002044	0.004076
2014	2.000000	1.000000	0.001362	0.002721
crash	9.000000	0.750000	0.006131	0.012162
material	2.000000	1.000000	0.001362	0.002721
toshiba	6.000000	0.666667	0.004087	0.008125
mention	4.000000	0.800000	0.002725	0.005431
hands	2.000000	0.666667	0.001362	0.002719
front	4.000000	0.571429	0.002725	0.005424
day	32.000000	0.592593	0.021798	0.042050
edit	5.000000	0.625000	0.003406	0.006775
blazing	2.000000	1.000000	0.001362	0.002721
bluetooth	3.000000	1.000000	0.002044	0.004079
books	4.000000	1.000000	0.002725	0.005435
exceeded	4.000000	1.000000	0.002725	0.005435
special	4.000000	0.571429	0.002725	0.005424
'	258.000000	0.714681	0.175749	0.282121
twice	3.000000	1.000000	0.002044	0.004079
reboot	2.000000	1.000000	0.001362	0.002721
performs	2.000000	1.000000	0.001362	0.002721
cause	37.000000	0.770833	0.025204	0.048813
reg	10.000000	0.833333	0.006812	0.013514
shut	12.000000	1.000000	0.008174	0.016216
completely	7.000000	0.777778	0.004768	0.009479
please	7.000000	1.000000	0.004768	0.009492
crashed	2.000000	0.666667	0.001362	0.002719
could	15.000000	0.454545	0.010218	0.019987
keep	9.000000	0.642857	0.006131	0.012146
powerful	5.000000	1.000000	0.003406	0.006789
quality	36.000000	0.878049	0.024523	0.047714
doesn't	15.000000	0.714286	0.010218	0.020148
durable	5.000000	0.833333	0.003406	0.006784
system	12.000000	0.521739	0.008174	0.016097
perfectly	4.000000	1.000000	0.002725	0.005435
final	4.000000	0.666667	0.002725	0.005427
stars	8.000000	0.888889	0.005450	0.010833
exactly	6.000000	0.857143	0.004087	0.008136
loved	6.000000	1.000000	0.004087	0.008141
bloat	4.000000	1.000000	0.002725	0.005435
bed	4.000000	1.000000	0.002725	0.005435
loves	3.000000	1.000000	0.002044	0.004079
tabs	3.000000	1.000000	0.002044	0.004079
need	65.000000	0.855263	0.044278	0.084197
documents	2.000000	0.500000	0.001362	0.002717
mic	6.000000	1.000000	0.004087	0.008141
able	60.000000	0.779221	0.040872	0.077670
purchasing	7.000000	0.875000	0.004768	0.009485
hp	3.000000	0.214286	0.002044	0.004049
camper	2.000000	1.000000	0.001362	0.002721
connected	3.000000	0.750000	0.002044	0.004076
device	7.000000	1.000000	0.004768	0.009492
awe	16.000000	0.800000	0.010899	0.021505
class	5.000000	0.833333	0.003406	0.006784
volume	2.000000	0.400000	0.001362	0.002716
face	8.000000	0.800000	0.005450	0.010825
labtop	2.000000	0.666667	0.001362	0.002719
movie	6.000000	0.600000	0.004087	0.008119
normally	2.000000	1.000000	0.001362	0.002721
fact	17.000000	0.809524	0.011580	0.022834
text	3.000000	1.000000	0.002044	0.004079
anyway	3.000000	0.750000	0.002044	0.004076
rough	7.000000	0.411765	0.004768	0.009428
pleased	7.000000	1.000000	0.004768	0.009492
ear	60.000000	0.625000	0.040872	0.076726
winner	2.000000	1.000000	0.001362	0.002721
buttons	2.000000	0.181818	0.001362	0.002705
versatile	2.000000	1.000000	0.001362	0.002721
printers	4.000000	1.000000	0.002725	0.005435
hope	2.000000	0.500000	0.001362	0.002717
exchanged	2.000000	1.000000	0.001362	0.002721
handle	5.000000	0.833333	0.003406	0.006784
watching	4.000000	0.444444	0.002725	0.005416
wonderfull	2.000000	1.000000	0.001362	0.002721
overall	9.000000	0.900000	0.006131	0.012179
bluray	2.000000	1.000000	0.001362	0.002721
buyer	2.000000	0.666667	0.001362	0.002719
places	2.000000	1.000000	0.001362	0.002721
wasn't	3.000000	0.750000	0.002044	0.004076
stuff	6.000000	0.750000	0.004087	0.008130
won't	4.000000	0.400000	0.002725	0.005413
fixed	3.000000	0.375000	0.002044	0.004065
computer	164.000000	0.800000	0.111717	0.196055
favor	3.000000	0.750000	0.002044	0.004076
horrible	3.000000	0.600000	0.002044	0.004073
email	4.000000	0.800000	0.002725	0.005431
bought	38.000000	0.844444	0.025886	0.050231
joy	9.000000	0.692308	0.006131	0.012154
job	4.000000	1.000000	0.002725	0.005435
key	19.000000	0.301587	0.012943	0.024820
monitor	4.000000	0.800000	0.002725	0.005431
taking	3.000000	0.375000	0.002044	0.004065
etc	7.000000	0.636364	0.004768	0.009466
ca	201.000000	0.683673	0.136921	0.228150
cd	7.000000	0.875000	0.004768	0.009485
table	13.000000	0.812500	0.008856	0.017520
ad	215.000000	0.637982	0.146458	0.238227
quit	6.000000	0.600000	0.004087	0.008119
it's	36.000000	0.765957	0.024523	0.047525
waste	4.000000	1.000000	0.002725	0.005435
bit	15.000000	0.652174	0.010218	0.020121
graphics	10.000000	0.454545	0.006812	0.013423
present	2.000000	0.666667	0.001362	0.002719
plain	14.000000	0.777778	0.009537	0.018843
value	14.000000	1.000000	0.009537	0.018893
ultra	2.000000	1.000000	0.001362	0.002721
frustrating	3.000000	0.750000	0.002044	0.004076
almost	13.000000	0.928571	0.008856	0.017544
site	6.000000	0.600000	0.004087	0.008119
hardware	3.000000	0.428571	0.002044	0.004068
dual	2.000000	0.666667	0.001362	0.002719
lightweight	10.000000	1.000000	0.006812	0.013532
bucks	2.000000	1.000000	0.001362	0.002721
speaker	2.000000	0.181818	0.001362	0.002705
ince	19.000000	0.633333	0.012943	0.025367
inch	4.000000	0.800000	0.002725	0.005431
gets	12.000000	0.800000	0.008174	0.016183
restarting	2.000000	1.000000	0.001362	0.002721
effect	2.000000	0.666667	0.001362	0.002719
student	8.000000	0.888889	0.005450	0.010833
fully	5.000000	0.833333	0.003406	0.006784
well	39.000000	0.750000	0.026567	0.051316
thought	11.000000	0.785714	0.007493	0.014845
usual	3.000000	0.500000	0.002044	0.004071
upgraded	2.000000	1.000000	0.001362	0.002721
less	28.000000	0.608696	0.019074	0.036988
advertised	4.000000	1.000000	0.002725	0.005435
web	26.000000	0.787879	0.017711	0.034644
capabilities	2.000000	0.666667	0.001362	0.002719
realize	3.000000	0.750000	0.002044	0.004076
battery	30.000000	0.394737	0.020436	0.038860
add	9.000000	0.529412	0.006131	0.012121
usage	2.000000	1.000000	0.001362	0.002721
homework	3.000000	1.000000	0.002044	0.004079
checking	4.000000	0.800000	0.002725	0.005431
five	5.000000	0.833333	0.003406	0.006784
know	9.000000	0.600000	0.006131	0.012138
desk	11.000000	0.916667	0.007493	0.014865
immediately	2.000000	1.000000	0.001362	0.002721
necessary	4.000000	0.666667	0.002725	0.005427
like	62.000000	0.720930	0.042234	0.079794
lost	4.000000	0.500000	0.002725	0.005420
fingerprints	3.000000	1.000000	0.002044	0.004079
matte	3.000000	0.333333	0.002044	0.004062
sized	4.000000	0.571429	0.002725	0.005424
lose	4.000000	0.571429	0.002725	0.005424
become	4.000000	1.000000	0.002725	0.005435
works	28.000000	0.800000	0.019074	0.037259
soft	24.000000	0.648649	0.016349	0.031894
page	8.000000	0.666667	0.005450	0.010811
smoothly	5.000000	1.000000	0.003406	0.006789
searching	2.000000	1.000000	0.001362	0.002721
proper	4.000000	0.571429	0.002725	0.005424
home	13.000000	0.812500	0.008856	0.017520
transport	2.000000	1.000000	0.001362	0.002721
literally	2.000000	0.666667	0.001362	0.002719
slower	2.000000	1.000000	0.001362	0.002721
noise	3.000000	0.750000	0.002044	0.004076
rare	4.000000	0.800000	0.002725	0.005431
getting	11.000000	0.611111	0.007493	0.014805
shipping	2.000000	0.333333	0.001362	0.002714
software	19.000000	0.633333	0.012943	0.025367
warranty	5.000000	0.238095	0.003406	0.006716
functional	2.000000	1.000000	0.001362	0.002721
headphone	2.000000	0.500000	0.001362	0.002717
doesnt	3.000000	0.600000	0.002044	0.004073
support	3.000000	0.187500	0.002044	0.004043
apps	3.000000	1.000000	0.002044	0.004079
biggest	2.000000	0.666667	0.001362	0.002719
function	8.000000	0.571429	0.005450	0.010796
buy	46.000000	0.718750	0.031335	0.060052
interest	3.000000	0.750000	0.002044	0.004076
bus	8.000000	0.888889	0.005450	0.010833
brand	7.000000	0.777778	0.004768	0.009479
expected	12.000000	0.923077	0.008174	0.016205
delivers	2.000000	1.000000	0.001362	0.002721
editing	3.000000	0.500000	0.002044	0.004071
bug	2.000000	1.000000	0.001362	0.002721
hd	2.000000	0.666667	0.001362	0.002719
count	3.000000	0.428571	0.002044	0.004068
made	22.000000	0.880000	0.014986	0.029471
wise	4.000000	1.000000	0.002725	0.005435
wish	14.000000	0.875000	0.009537	0.018868
smooth	9.000000	0.818182	0.006131	0.012170
problem	34.000000	0.539683	0.023161	0.044415
piece	7.000000	0.875000	0.004768	0.009485
minutes	6.000000	0.600000	0.004087	0.008119
display	10.000000	0.370370	0.006812	0.013378
worse	2.000000	0.666667	0.001362	0.002719
functions	4.000000	0.666667	0.002725	0.005427
incredible	2.000000	1.000000	0.001362	0.002721
45	2.000000	0.666667	0.001362	0.002719
boot	14.000000	0.823529	0.009537	0.018855
book	62.000000	0.815789	0.042234	0.080311
incredibly	3.000000	0.750000	0.002044	0.004076
junk	5.000000	0.833333	0.003406	0.006784
star	37.000000	0.725490	0.025204	0.048716
stay	4.000000	0.571429	0.002725	0.005424
kinda	2.000000	1.000000	0.001362	0.002721
else	6.000000	0.500000	0.004087	0.008108
friends	5.000000	0.833333	0.003406	0.006784
opened	2.000000	0.666667	0.001362	0.002719
resolution	2.000000	0.250000	0.001362	0.002710
